0.343237102570
0.516198368244
0.009636232353
0.235674773062
0.001629075807
0.151228181099
0.000489951656
0.110740825957
0.000196142625
0.087129744392
0.000093435585
0.071720312379
0.000050064552
0.060895076594
0.000029207721
0.052884067604
0.000018175059
0.046721494169
0.000011897015
0.041836662956
0.000008111900
0.037871152247
0.000005720086
0.034588737369
0.000004148721
0.031827517845
0.000003081957
0.029472878418
0.000002337181
0.027441434773
0.000001804460
0.025671094233
0.000001415275
0.024114679597
0.000001125607
0.022735711628
0.000000906415
0.021505544097
0.000000738085
0.020401371547
0.000000607086
0.019404814937
0.000000503907
0.018500898809
0.000000421750
0.017677299249
0.000000355676
0.016923782591
0.000000302052
0.016231780782
0.000000258165
0.015594066116
0.000000221968
0.015004499264
0.000000191898
0.014457832035
0.000000166753
0.013949551495
0.000000145596
0.013475755670
0.000000127690
0.013033053633
0.000000112454
0.012618484547
0.000000099425
