0.145376070792
0.055673249513
0.029851770917
0.018698758646
0.012836658901
0.009366325404
0.007139290569
0.005623815182
0.004545428215
0.003750543328
0.003147668166
0.002679502235
0.002308655873
0.002009880672
0.001765623542
0.001563372090
0.001394010912
0.001250771299
0.001128541420
0.001023402125
0.000932307767
0.000852862463
0.000783160492
0.000721670655
0.000667151266
0.000618586834
0.000575140348
0.000536116899
0.000500935676
0.000469108193
0.000440221222
0.000413923286
0.000389913910
0.000367934988
0.000347763808
0.000329207384
0.000312097816
0.000296288478
0.000281650859
0.000268071948
0.000255452036
0.000243702886
0.000232746181
0.000222512216
0.000212938787
0.000203970242
0.000195556668
0.000187653197
0.000180219409
0.000173218806
0.000166618369
0.000160388169
0.000154501021
0.000148932192
0.000143659137
0.000138661274
0.000133919779
0.000129417413
0.000125138361
0.000121068092
0.000117193243
0.000113501498
0.000109981500
0.000106622757
0.000103415567
0.000100350948
0.000097420572
0.000094616710
0.000091932184
0.000089360314
0.000086894886
0.000084530104
0.000082260563
0.000080081218
0.000077987350
0.000075974547
0.000074038678
0.000072175871
0.000070382496
0.000068655143
0.000066990611
0.000065385890
0.000063838149
0.000062344722
0.000060903095
0.000059510902
0.000058165908
0.000056866002
0.000055609191
0.000054393592
0.000053217422
0.000052078994
0.000050976710
0.000049909056
0.000048874597
0.000047871970
0.000046899883
0.000045957108
0.000045042477
0.000044154883
0.000043293269
0.000042456632
0.000041644015
0.000040854507
0.000040087241
0.000039341388
0.000038616160
0.000037910803
0.000037224596
0.000036556855
0.000035906920
0.000035274166
0.000034657992
0.000034057824
0.000033473111
0.000032903328
0.000032347971
0.000031806557
0.000031278623
0.000030763725
0.000030261438
0.000029771353
0.000029293077
0.000028826235
0.000028370466
0.000027925420
0.000027490766
0.000027066181
0.000026651357
0.000026245998
0.000025849817
0.000025462539
0.000025083900
0.000024713644
0.000024351526
0.000023997310
0.000023650766
0.000023311675
0.000022979825
0.000022655011
0.000022337036
0.000022025708
0.000021720844
0.000021422266
0.000021129803
0.000020843288
0.000020562562
0.000020287470
0.000020017861
0.000019753591
0.000019494520
0.000019240512
0.000018991437
0.000018747168
0.000018507581
0.000018272557
0.000018041983
0.000017815745
0.000017593736
0.000017375851
0.000017161989
0.000016952052
0.000016745942
0.000016543570
0.000016344843
0.000016149676
0.000015957984
0.000015769685
0.000015584699
0.000015402949
0.000015224360
0.000015048859
0.000014876376
0.000014706841
0.000014540188
0.000014376351
0.000014215268
0.000014056877
0.000013901119
0.000013747936
0.000013597270
0.000013449068
0.000013303276
0.000013159842
0.000013018715
0.000012879846
0.000012743187
0.000012608692
0.000012476315
0.000012346011
0.000012217739
0.000012091455
0.000011967119
0.000011844691
0.000011724132
0.000011605405
0.000011488472
0.000011373297
0.000011259846
0.000011148084
0.000011037978
0.000010929495
0.000010822603
0.000010717272
0.000010613471
0.000010511171
0.000010410343
0.000010310959
0.000010212991
0.000010116412
0.000010021198
0.000009927321
0.000009834757
0.000009743482
0.000009653472
0.000009564703
0.000009477153
0.000009390800
0.000009305621
0.000009221596
0.000009138704
0.000009056925
0.000008976239
0.000008896626
0.000008818067
0.000008740545
0.000008664040
0.000008588536
0.000008514014
0.000008440458
0.000008367851
0.000008296177
0.000008225419
0.000008155564
0.000008086594
0.000008018496
0.000007951254
0.000007884854
0.000007819283
0.000007754526
0.000007690571
0.000007627403
0.000007565010
0.000007503380
0.000007442500
0.000007382358
0.000007322942
0.000007264241
0.000007206242
0.000007148935
0.000007092310
0.000007036354
0.000006981058
0.000006926411
0.000006872403
0.000006819025
0.000006766266
0.000006714117
0.000006662569
0.000006611612
0.000006561237
0.000006511436
0.000006462199
0.000006413520
0.000006365388
0.000006317795
0.000006270735
0.000006224199
0.000006178178
0.000006132666
0.000006087656
0.000006043139
0.000005999108
0.000005955557
0.000005912478
0.000005869866
0.000005827712
0.000005786010
0.000005744755
0.000005703939
0.000005663557
0.000005623602
0.000005584069
0.000005544951
0.000005506242
0.000005467938
0.000005430031
0.000005392518
0.000005355392
0.000005318648
0.000005282281
0.000005246285
0.000005210657
0.000005175390
0.000005140479
0.000005105921
0.000005071711
0.000005037842
0.000005004312
0.000004971116
0.000004938249
0.000004905707
0.000004873485
0.000004841580
0.000004809987
0.000004778702
0.000004747722
0.000004717042
0.000004686658
0.000004656567
0.000004626765
0.000004597248
0.000004568012
0.000004539055
0.000004510372
0.000004481960
0.000004453815
0.000004425935
0.000004398316
0.000004370955
0.000004343848
0.000004316992
0.000004290385
0.000004264023
0.000004237903
0.000004212023
0.000004186379
0.000004160968
0.000004135788
0.000004110836
0.000004086109
0.000004061604
0.000004037320
0.000004013252
0.000003989399
0.000003965758
0.000003942326
0.000003919102
0.000003896082
0.000003873265
0.000003850647
0.000003828227
0.000003806002
0.000003783970
0.000003762129
0.000003740476
0.000003719010
0.000003697728
0.000003676628
0.000003655708
0.000003634966
0.000003614401
0.000003594009
0.000003573789
0.000003553740
0.000003533859
0.000003514144
0.000003494594
0.000003475206
0.000003455979
0.000003436912
0.000003418002
0.000003399247
0.000003380647
0.000003362198
0.000003343900
0.000003325752
0.000003307750
0.000003289894
0.000003272183
0.000003254614
0.000003237186
0.000003219898
0.000003202748
0.000003185735
0.000003168857
0.000003152112
0.000003135500
0.000003119019
0.000003102668
0.000003086445
0.000003070348
0.000003054378
0.000003038531
0.000003022808
0.000003007206
0.000002991725
0.000002976363
0.000002961119
0.000002945992
0.000002930981
0.000002916084
0.000002901300
0.000002886628
0.000002872068
0.000002857617
0.000002843275
0.000002829041
0.000002814913
0.000002800891
0.000002786974
0.000002773160
0.000002759448
0.000002745838
0.000002732328
0.000002718918
0.000002705606
0.000002692392
0.000002679274
0.000002666252
0.000002653325
0.000002640491
0.000002627751
0.000002615102
0.000002602544
0.000002590077
0.000002577699
0.000002565410
0.000002553208
0.000002541093
0.000002529064
0.000002517120
0.000002505261
0.000002493486
0.000002481793
0.000002470182
0.000002458652
0.000002447203
0.000002435834
0.000002424544
0.000002413332
0.000002402198
0.000002391141
0.000002380160
0.000002369254
0.000002358423
0.000002347666
0.000002336983
0.000002326372
0.000002315834
0.000002305367
0.000002294970
0.000002284644
0.000002274388
0.000002264200
0.000002254081
0.000002244029
0.000002234044
0.000002224126
0.000002214274
0.000002204487
0.000002194765
0.000002185107
0.000002175513
0.000002165981
0.000002156513
0.000002147106
0.000002137760
0.000002128476
0.000002119252
0.000002110087
0.000002100982
0.000002091936
0.000002082948
0.000002074018
0.000002065145
0.000002056329
0.000002047569
0.000002038866
0.000002030217
0.000002021624
0.000002013084
0.000002004599
0.000001996168
0.000001987789
0.000001979464
0.000001971190
0.000001962968
0.000001954797
0.000001946678
0.000001938609
0.000001930590
0.000001922620
0.000001914700
0.000001906829
0.000001899006
0.000001891231
0.000001883504
0.000001875824
0.000001868191
0.000001860604
0.000001853064
0.000001845569
0.000001838119
0.000001830715
0.000001823355
0.000001816040
0.000001808769
0.000001801541
0.000001794356
0.000001787214
0.000001780115
0.000001773058
0.000001766043
0.000001759070
0.000001752137
0.000001745246
0.000001738395
0.000001731584
0.000001724814
0.000001718083
0.000001711391
0.000001704739
0.000001698125
0.000001691549
0.000001685012
0.000001678512
0.000001672050
0.000001665625
0.000001659237
0.000001652886
0.000001646571
0.000001640293
0.000001634050
0.000001627843
0.000001621671
0.000001615534
0.000001609432
0.000001603364
0.000001597331
0.000001591331
0.000001585366
0.000001579434
0.000001573535
0.000001567669
0.000001561836
0.000001556035
0.000001550266
0.000001544530
0.000001538825
0.000001533152
0.000001527510
0.000001521900
0.000001516320
0.000001510771
0.000001505252
0.000001499763
0.000001494305
0.000001488876
0.000001483476
0.000001478106
0.000001472765
0.000001467453
0.000001462170
0.000001456915
0.000001451688
0.000001446490
0.000001441319
0.000001436176
0.000001431061
0.000001425972
0.000001420911
0.000001415877
0.000001410870
0.000001405889
0.000001400934
0.000001396005
0.000001391103
0.000001386226
0.000001381375
0.000001376549
0.000001371748
0.000001366973
0.000001362222
0.000001357497
0.000001352795
0.000001348118
0.000001343466
0.000001338837
0.000001334232
0.000001329651
0.000001325094
0.000001320560
0.000001316049
0.000001311561
0.000001307096
0.000001302654
0.000001298234
0.000001293837
0.000001289462
0.000001285110
0.000001280779
0.000001276470
0.000001272183
0.000001267918
0.000001263674
0.000001259451
0.000001255249
0.000001251069
0.000001246909
0.000001242770
0.000001238651
0.000001234553
0.000001230475
0.000001226418
0.000001222380
0.000001218362
0.000001214364
0.000001210386
0.000001206427
0.000001202488
0.000001198568
0.000001194667
0.000001190785
0.000001186922
0.000001183078
0.000001179252
0.000001175445
0.000001171656
0.000001167886
0.000001164133
0.000001160399
0.000001156683
0.000001152985
0.000001149304
0.000001145641
0.000001141995
0.000001138367
0.000001134756
0.000001131162
0.000001127585
0.000001124025
0.000001120482
0.000001116956
0.000001113446
0.000001109953
0.000001106476
0.000001103016
0.000001099572
0.000001096144
0.000001092731
0.000001089335
0.000001085955
0.000001082590
0.000001079241
0.000001075907
0.000001072589
0.000001069286
0.000001065999
0.000001062726
0.000001059469
0.000001056227
0.000001052999
0.000001049786
0.000001046588
0.000001043404
0.000001040235
0.000001037081
0.000001033941
0.000001030814
0.000001027703
0.000001024605
0.000001021521
0.000001018451
0.000001015395
0.000001012352
0.000001009324
0.000001006309
0.000001003307
0.000001000319
0.000000997344
0.000000994382
0.000000991434
0.000000988498
0.000000985576
0.000000982666
0.000000979770
0.000000976886
0.000000974015
0.000000971156
0.000000968310
0.000000965477
0.000000962656
0.000000959847
0.000000957051
0.000000954267
0.000000951495
0.000000948735
0.000000945987
0.000000943251
0.000000940527
0.000000937814
0.000000935114
0.000000932425
0.000000929747
0.000000927081
0.000000924427
0.000000921784
0.000000919152
0.000000916531
0.000000913922
0.000000911324
0.000000908737
0.000000906160
0.000000903595
0.000000901041
0.000000898497
0.000000895965
0.000000893442
0.000000890931
0.000000888430
0.000000885940
0.000000883460
0.000000880990
0.000000878531
0.000000876082
0.000000873644
0.000000871215
0.000000868797
0.000000866389
0.000000863990
0.000000861602
0.000000859223
0.000000856855
0.000000854496
0.000000852147
0.000000849807
0.000000847478
0.000000845157
0.000000842847
0.000000840545
0.000000838253
0.000000835971
0.000000833698
0.000000831434
0.000000829179
0.000000826933
0.000000824697
0.000000822469
0.000000820251
0.000000818042
0.000000815841
0.000000813649
0.000000811467
0.000000809293
0.000000807127
0.000000804971
0.000000802823
0.000000800683
0.000000798552
0.000000796430
0.000000794316
0.000000792210
0.000000790113
0.000000788024
0.000000785944
0.000000783871
0.000000781807
0.000000779751
0.000000777703
0.000000775663
0.000000773631
0.000000771608
0.000000769592
0.000000767584
0.000000765583
0.000000763591
0.000000761606
0.000000759629
0.000000757660
0.000000755699
0.000000753745
0.000000751798
0.000000749859
0.000000747928
0.000000746004
0.000000744087
0.000000742178
0.000000740276
0.000000738382
0.000000736495
0.000000734615
0.000000732742
0.000000730876
0.000000729018
0.000000727166
0.000000725322
0.000000723484
0.000000721654
0.000000719830
0.000000718014
0.000000716204
0.000000714401
0.000000712605
0.000000710816
0.000000709033
0.000000707257
0.000000705488
0.000000703725
0.000000701969
0.000000700220
0.000000698477
0.000000696740
0.000000695010
0.000000693287
0.000000691570
0.000000689859
0.000000688155
0.000000686457
0.000000684765
0.000000683079
0.000000681400
0.000000679727
0.000000678060
0.000000676399
0.000000674744
0.000000673095
0.000000671453
0.000000669816
0.000000668185
0.000000666560
0.000000664941
0.000000663329
0.000000661721
0.000000660120
0.000000658525
0.000000656935
0.000000655351
0.000000653773
0.000000652200
0.000000650634
0.000000649072
0.000000647517
0.000000645967
0.000000644422
0.000000642883
0.000000641350
0.000000639822
0.000000638299
0.000000636782
0.000000635271
0.000000633765
0.000000632264
0.000000630768
0.000000629278
0.000000627793
0.000000626313
0.000000624838
0.000000623369
0.000000621905
0.000000620446
0.000000618992
0.000000617543
0.000000616099
0.000000614661
0.000000613227
0.000000611799
0.000000610375
0.000000608956
0.000000607543
0.000000606134
0.000000604730
0.000000603331
0.000000601937
0.000000600547
0.000000599163
0.000000597783
0.000000596408
0.000000595038
0.000000593672
0.000000592311
0.000000590955
0.000000589604
0.000000588257
0.000000586914
0.000000585577
0.000000584244
0.000000582915
0.000000581591
0.000000580271
0.000000578956
0.000000577646
0.000000576340
0.000000575038
0.000000573741
0.000000572448
0.000000571159
0.000000569875
0.000000568595
0.000000567319
0.000000566048
0.000000564781
0.000000563518
0.000000562260
0.000000561005
0.000000559755
0.000000558509
0.000000557267
0.000000556030
0.000000554796
0.000000553567
0.000000552341
0.000000551120
0.000000549903
0.000000548689
0.000000547480
0.000000546275
0.000000545074
0.000000543876
0.000000542683
0.000000541494
0.000000540308
0.000000539126
0.000000537949
0.000000536775
0.000000535605
0.000000534438
0.000000533276
0.000000532117
0.000000530962
0.000000529811
0.000000528664
0.000000527520
0.000000526380
0.000000525244
0.000000524111
0.000000522982
0.000000521857
0.000000520735
0.000000519617
0.000000518503
0.000000517392
0.000000516285
0.000000515181
0.000000514081
0.000000512984
0.000000511891
0.000000510801
0.000000509715
0.000000508632
0.000000507553
0.000000506477
0.000000505404
0.000000504335
0.000000503270
0.000000502207
0.000000501148
0.000000500093
0.000000499040
0.000000497991
0.000000496946
0.000000495903
0.000000494864
0.000000493829
0.000000492796
0.000000491767
0.000000490741
0.000000489718
0.000000488698
0.000000487681
0.000000486668
0.000000485658
0.000000484651
0.000000483647
0.000000482646
0.000000481648
0.000000480654
0.000000479662
0.000000478674
0.000000477688
0.000000476706
0.000000475726
0.000000474750
0.000000473777
0.000000472806
0.000000471839
0.000000470875
0.000000469913
0.000000468955
0.000000467999
0.000000467046
0.000000466097
0.000000465150
0.000000464206
0.000000463265
0.000000462326
0.000000461391
0.000000460458
0.000000459529
0.000000458602
0.000000457678
0.000000456756
0.000000455838
0.000000454922
0.000000454009
0.000000453098
0.000000452191
0.000000451286
0.000000450384
0.000000449485
0.000000448588
0.000000447694
0.000000446802
0.000000445914
0.000000445028
0.000000444144
0.000000443263
0.000000442385
0.000000441510
0.000000440637
0.000000439766
0.000000438898
0.000000438033
0.000000437170
0.000000436310
0.000000435453
0.000000434598
0.000000433745
0.000000432895
0.000000432047
0.000000431202
0.000000430360
0.000000429520
0.000000428682
0.000000427847
0.000000427014
0.000000426184
0.000000425356
0.000000424530
0.000000423707
0.000000422886
0.000000422068
0.000000421252
0.000000420438
0.000000419627
0.000000418818
0.000000418011
0.000000417207
0.000000416405
0.000000415606
0.000000414808
0.000000414013
0.000000413221
0.000000412430
0.000000411642
0.000000410856
0.000000410072
0.000000409291
0.000000408511
0.000000407734
0.000000406960
0.000000406187
0.000000405417
0.000000404649
0.000000403882
0.000000403119
0.000000402357
0.000000401597
0.000000400840
0.000000400085
0.000000399332
0.000000398581
0.000000397832
0.000000397085
0.000000396340
0.000000395598
0.000000394857
0.000000394119
0.000000393383
0.000000392648
0.000000391916
0.000000391186
0.000000390458
0.000000389732
0.000000389008
0.000000388286
0.000000387566
0.000000386848
0.000000386132
0.000000385418
0.000000384705
0.000000383995
0.000000383287
0.000000382581
0.000000381877
0.000000381174
0.000000380474
0.000000379776
0.000000379079
0.000000378385
0.000000377692
0.000000377001
0.000000376312
0.000000375625
0.000000374940
0.000000374257
0.000000373575
0.000000372896
0.000000372218
0.000000371542
0.000000370868
0.000000370196
0.000000369526
0.000000368857
0.000000368191
0.000000367526
0.000000366862
0.000000366201
0.000000365542
0.000000364884
0.000000364228
0.000000363574
0.000000362921
0.000000362271
0.000000361622
0.000000360974
0.000000360329
0.000000359685
0.000000359043
0.000000358403
0.000000357764
0.000000357128
0.000000356492
0.000000355859
0.000000355227
0.000000354597
0.000000353969
0.000000353342
0.000000352717
0.000000352093
0.000000351471
0.000000350851
0.000000350233
0.000000349616
0.000000349001
0.000000348387
0.000000347775
0.000000347165
0.000000346556
0.000000345949
0.000000345343
0.000000344739
0.000000344137
0.000000343536
0.000000342936
0.000000342339
0.000000341743
0.000000341148
0.000000340555
0.000000339963
0.000000339373
0.000000338785
0.000000338198
0.000000337613
0.000000337029
0.000000336447
0.000000335866
0.000000335286
0.000000334709
0.000000334132
0.000000333557
0.000000332984
0.000000332412
0.000000331842
0.000000331273
0.000000330705
0.000000330139
0.000000329575
0.000000329011
0.000000328450
0.000000327890
0.000000327331
0.000000326773
0.000000326217
0.000000325663
0.000000325110
0.000000324558
0.000000324008
0.000000323459
0.000000322911
0.000000322365
0.000000321820
0.000000321277
0.000000320735
0.000000320194
0.000000319655
0.000000319117
0.000000318580
0.000000318045
0.000000317511
0.000000316979
0.000000316448
0.000000315918
0.000000315389
0.000000314862
0.000000314336
0.000000313812
0.000000313288
0.000000312767
0.000000312246
0.000000311727
0.000000311209
0.000000310692
0.000000310176
0.000000309662
0.000000309149
0.000000308638
0.000000308127
0.000000307618
0.000000307110
0.000000306604
0.000000306098
0.000000305594
0.000000305092
0.000000304590
0.000000304090
0.000000303591
0.000000303093
0.000000302596
0.000000302101
0.000000301606
0.000000301113
0.000000300621
0.000000300131
0.000000299641
0.000000299153
0.000000298666
0.000000298180
0.000000297696
0.000000297212
0.000000296730
0.000000296249
0.000000295769
0.000000295290
0.000000294812
0.000000294336
0.000000293861
0.000000293387
0.000000292914
0.000000292442
0.000000291971
0.000000291501
0.000000291033
0.000000290566
0.000000290099
0.000000289634
0.000000289170
0.000000288707
0.000000288246
0.000000287785
0.000000287325
0.000000286867
0.000000286410
0.000000285953
0.000000285498
0.000000285044
0.000000284591
0.000000284139
0.000000283688
0.000000283239
0.000000282790
0.000000282342
0.000000281896
0.000000281450
0.000000281006
0.000000280562
0.000000280120
0.000000279679
0.000000279239
0.000000278799
0.000000278361
0.000000277924
0.000000277488
0.000000277053
0.000000276619
0.000000276186
0.000000275754
0.000000275322
0.000000274892
0.000000274463
0.000000274035
0.000000273608
0.000000273182
0.000000272757
0.000000272333
0.000000271910
0.000000271488
0.000000271067
0.000000270647
0.000000270228
0.000000269810
0.000000269393
0.000000268976
0.000000268561
0.000000268147
0.000000267734
0.000000267321
0.000000266910
0.000000266499
0.000000266090
0.000000265681
0.000000265274
0.000000264867
0.000000264461
0.000000264056
0.000000263652
0.000000263249
0.000000262847
0.000000262446
0.000000262046
0.000000261647
0.000000261248
0.000000260851
0.000000260454
0.000000260058
0.000000259664
0.000000259270
0.000000258877
0.000000258485
0.000000258094
0.000000257703
0.000000257314
0.000000256925
0.000000256538
0.000000256151
0.000000255765
0.000000255380
0.000000254996
0.000000254612
0.000000254230
0.000000253848
0.000000253468
0.000000253088
0.000000252709
0.000000252331
0.000000251953
0.000000251577
0.000000251201
0.000000250826
0.000000250452
0.000000250079
0.000000249707
0.000000249336
0.000000248965
0.000000248595
0.000000248226
0.000000247858
0.000000247491
0.000000247124
0.000000246758
0.000000246394
0.000000246029
0.000000245666
0.000000245304
0.000000244942
0.000000244581
0.000000244221
0.000000243862
0.000000243503
0.000000243146
0.000000242789
0.000000242433
0.000000242077
0.000000241723
0.000000241369
0.000000241016
0.000000240664
0.000000240312
0.000000239962
0.000000239612
0.000000239262
0.000000238914
0.000000238566
0.000000238220
0.000000237873
0.000000237528
0.000000237183
0.000000236840
0.000000236496
0.000000236154
0.000000235812
0.000000235472
0.000000235131
0.000000234792
0.000000234453
0.000000234115
0.000000233778
0.000000233442
0.000000233106
0.000000232771
0.000000232436
0.000000232103
0.000000231770
0.000000231438
0.000000231106
0.000000230776
0.000000230446
0.000000230116
0.000000229788
0.000000229460
0.000000229132
0.000000228806
0.000000228480
0.000000228155
0.000000227831
0.000000227507
0.000000227184
0.000000226861
0.000000226540
0.000000226219
0.000000225898
0.000000225579
0.000000225260
0.000000224942
0.000000224624
0.000000224307
0.000000223991
0.000000223675
0.000000223360
0.000000223046
0.000000222732
0.000000222420
0.000000222107
0.000000221796
0.000000221485
0.000000221174
0.000000220865
0.000000220556
0.000000220247
0.000000219940
0.000000219633
0.000000219326
0.000000219020
0.000000218715
0.000000218411
0.000000218107
0.000000217804
0.000000217501
0.000000217199
0.000000216898
0.000000216597
0.000000216297
0.000000215997
0.000000215698
0.000000215400
0.000000215103
0.000000214806
0.000000214509
0.000000214213
0.000000213918
0.000000213624
0.000000213330
0.000000213036
0.000000212744
0.000000212452
0.000000212160
0.000000211869
0.000000211579
0.000000211289
0.000000211000
0.000000210711
0.000000210423
0.000000210136
0.000000209849
0.000000209563
0.000000209277
0.000000208992
0.000000208708
0.000000208424
0.000000208141
0.000000207858
0.000000207576
0.000000207294
0.000000207013
0.000000206733
0.000000206453
0.000000206174
0.000000205895
0.000000205617
0.000000205340
0.000000205063
0.000000204786
0.000000204510
0.000000204235
0.000000203960
0.000000203686
0.000000203412
0.000000203139
0.000000202866
0.000000202594
0.000000202323
0.000000202052
0.000000201782
0.000000201512
0.000000201242
0.000000200974
0.000000200705
0.000000200438
0.000000200171
0.000000199904
0.000000199638
0.000000199372
0.000000199107
0.000000198843
0.000000198579
0.000000198315
0.000000198052
0.000000197790
0.000000197528
0.000000197267
0.000000197006
0.000000196746
0.000000196486
0.000000196226
0.000000195968
0.000000195709
0.000000195452
0.000000195194
0.000000194938
0.000000194681
0.000000194426
0.000000194170
0.000000193916
0.000000193661
0.000000193408
0.000000193154
0.000000192902
0.000000192649
0.000000192398
0.000000192146
0.000000191896
0.000000191645
0.000000191396
0.000000191146
0.000000190898
0.000000190649
0.000000190401
0.000000190154
0.000000189907
0.000000189661
0.000000189415
0.000000189169
0.000000188924
0.000000188680
0.000000188436
0.000000188192
0.000000187949
0.000000187707
0.000000187465
0.000000187223
0.000000186982
0.000000186741
0.000000186501
0.000000186261
0.000000186022
0.000000185783
0.000000185544
0.000000185306
0.000000185069
0.000000184832
0.000000184595
0.000000184359
0.000000184123
0.000000183888
0.000000183653
0.000000183419
0.000000183185
0.000000182952
0.000000182719
0.000000182486
0.000000182254
0.000000182023
0.000000181791
0.000000181561
0.000000181330
0.000000181100
0.000000180871
0.000000180642
0.000000180413
0.000000180185
0.000000179957
0.000000179730
0.000000179503
0.000000179277
0.000000179051
0.000000178825
0.000000178600
0.000000178375
0.000000178151
0.000000177927
0.000000177704
0.000000177481
0.000000177258
0.000000177036
0.000000176814
0.000000176593
0.000000176372
0.000000176151
0.000000175931
0.000000175711
0.000000175492
0.000000175273
0.000000175055
0.000000174837
0.000000174619
0.000000174402
0.000000174185
0.000000173968
0.000000173752
0.000000173537
0.000000173322
0.000000173107
0.000000172892
0.000000172678
0.000000172465
0.000000172251
0.000000172038
0.000000171826
0.000000171614
0.000000171402
0.000000171191
0.000000170980
0.000000170770
0.000000170560
0.000000170350
0.000000170140
0.000000169931
0.000000169723
0.000000169515
0.000000169307
0.000000169100
0.000000168892
0.000000168686
0.000000168480
0.000000168274
0.000000168068
0.000000167863
0.000000167658
0.000000167454
0.000000167250
0.000000167046
0.000000166843
0.000000166640
0.000000166437
0.000000166235
0.000000166033
0.000000165832
0.000000165631
0.000000165430
0.000000165230
0.000000165030
0.000000164830
0.000000164631
0.000000164432
0.000000164234
0.000000164035
0.000000163838
0.000000163640
0.000000163443
0.000000163246
0.000000163050
0.000000162854
0.000000162658
0.000000162463
0.000000162268
0.000000162073
0.000000161879
0.000000161685
0.000000161492
0.000000161298
0.000000161105
0.000000160913
0.000000160721
0.000000160529
0.000000160337
0.000000160146
0.000000159955
0.000000159765
0.000000159575
0.000000159385
0.000000159195
0.000000159006
0.000000158818
0.000000158629
0.000000158441
0.000000158253
0.000000158066
0.000000157879
0.000000157692
0.000000157505
0.000000157319
0.000000157133
0.000000156948
0.000000156763
0.000000156578
0.000000156394
0.000000156209
0.000000156026
0.000000155842
0.000000155659
0.000000155476
0.000000155294
0.000000155111
0.000000154929
0.000000154748
0.000000154567
0.000000154386
0.000000154205
0.000000154025
0.000000153845
0.000000153665
0.000000153486
0.000000153307
0.000000153128
0.000000152950
0.000000152771
0.000000152594
0.000000152416
0.000000152239
0.000000152062
0.000000151886
0.000000151709
0.000000151533
0.000000151358
0.000000151182
0.000000151007
0.000000150833
0.000000150658
0.000000150484
0.000000150310
0.000000150137
0.000000149963
0.000000149791
0.000000149618
0.000000149446
0.000000149274
0.000000149102
0.000000148930
0.000000148759
0.000000148588
0.000000148418
0.000000148248
0.000000148078
0.000000147908
0.000000147739
0.000000147570
0.000000147401
0.000000147232
0.000000147064
0.000000146896
0.000000146728
0.000000146561
0.000000146394
0.000000146227
0.000000146061
0.000000145895
0.000000145729
0.000000145563
0.000000145398
0.000000145233
0.000000145068
0.000000144903
0.000000144739
0.000000144575
0.000000144411
0.000000144248
0.000000144085
0.000000143922
0.000000143759
0.000000143597
0.000000143435
0.000000143273
0.000000143112
0.000000142951
0.000000142790
0.000000142629
0.000000142469
0.000000142308
0.000000142149
0.000000141989
0.000000141830
0.000000141671
0.000000141512
0.000000141353
0.000000141195
0.000000141037
0.000000140879
0.000000140722
0.000000140565
0.000000140408
0.000000140251
0.000000140095
0.000000139939
0.000000139783
0.000000139627
0.000000139472
0.000000139317
0.000000139162
0.000000139007
0.000000138853
0.000000138699
0.000000138545
0.000000138392
0.000000138238
0.000000138085
0.000000137932
0.000000137780
0.000000137628
0.000000137476
0.000000137324
0.000000137172
0.000000137021
0.000000136870
0.000000136719
0.000000136569
0.000000136418
0.000000136268
0.000000136119
0.000000135969
0.000000135820
0.000000135671
0.000000135522
0.000000135373
0.000000135225
0.000000135077
0.000000134929
0.000000134781
0.000000134634
0.000000134487
0.000000134340
0.000000134194
0.000000134047
0.000000133901
0.000000133755
0.000000133609
0.000000133464
0.000000133319
0.000000133174
0.000000133029
0.000000132885
0.000000132740
0.000000132596
0.000000132453
0.000000132309
0.000000132166
0.000000132023
0.000000131880
0.000000131737
0.000000131595
0.000000131453
0.000000131311
0.000000131169
0.000000131028
0.000000130886
0.000000130745
0.000000130605
0.000000130464
0.000000130324
0.000000130184
0.000000130044
0.000000129904
0.000000129765
0.000000129626
0.000000129487
0.000000129348
0.000000129209
0.000000129071
0.000000128933
0.000000128795
0.000000128657
0.000000128520
0.000000128383
0.000000128246
0.000000128109
0.000000127973
0.000000127836
0.000000127700
0.000000127564
0.000000127429
0.000000127293
0.000000127158
0.000000127023
0.000000126888
0.000000126753
0.000000126619
0.000000126485
0.000000126351
0.000000126217
0.000000126084
0.000000125950
0.000000125817
0.000000125684
0.000000125552
0.000000125419
0.000000125287
0.000000125155
0.000000125023
0.000000124891
0.000000124760
0.000000124629
0.000000124498
0.000000124367
0.000000124236
0.000000124106
0.000000123976
0.000000123846
0.000000123716
0.000000123586
0.000000123457
0.000000123328
0.000000123199
0.000000123070
0.000000122942
0.000000122813
0.000000122685
0.000000122557
0.000000122429
0.000000122302
0.000000122174
0.000000122047
0.000000121920
0.000000121793
0.000000121667
0.000000121541
0.000000121414
0.000000121288
0.000000121163
0.000000121037
0.000000120912
0.000000120786
0.000000120661
0.000000120537
0.000000120412
0.000000120288
0.000000120163
0.000000120039
0.000000119915
0.000000119792
0.000000119668
0.000000119545
0.000000119422
0.000000119299
0.000000119176
0.000000119054
0.000000118932
0.000000118809
0.000000118687
0.000000118566
0.000000118444
0.000000118323
0.000000118201
0.000000118080
0.000000117960
0.000000117839
0.000000117719
0.000000117598
0.000000117478
0.000000117358
0.000000117239
0.000000117119
0.000000117000
0.000000116880
0.000000116761
0.000000116643
0.000000116524
0.000000116406
0.000000116287
0.000000116169
0.000000116051
0.000000115934
0.000000115816
0.000000115699
0.000000115581
0.000000115464
0.000000115348
0.000000115231
0.000000115115
0.000000114998
0.000000114882
0.000000114766
0.000000114650
0.000000114535
0.000000114419
0.000000114304
0.000000114189
0.000000114074
0.000000113959
0.000000113845
0.000000113730
0.000000113616
0.000000113502
0.000000113388
0.000000113275
0.000000113161
0.000000113048
0.000000112934
0.000000112821
0.000000112709
0.000000112596
0.000000112483
0.000000112371
0.000000112259
0.000000112147
0.000000112035
0.000000111923
0.000000111812
0.000000111701
0.000000111589
0.000000111478
0.000000111367
0.000000111257
0.000000111146
0.000000111036
0.000000110926
0.000000110816
0.000000110706
0.000000110596
0.000000110487
0.000000110377
0.000000110268
0.000000110159
0.000000110050
0.000000109941
0.000000109833
0.000000109725
0.000000109616
0.000000109508
0.000000109400
0.000000109293
0.000000109185
0.000000109078
0.000000108970
0.000000108863
0.000000108756
0.000000108649
0.000000108543
0.000000108436
0.000000108330
0.000000108224
0.000000108118
0.000000108012
0.000000107906
0.000000107801
0.000000107695
0.000000107590
0.000000107485
0.000000107380
0.000000107275
0.000000107170
0.000000107066
0.000000106962
0.000000106857
0.000000106753
0.000000106650
0.000000106546
0.000000106442
0.000000106339
0.000000106236
0.000000106132
0.000000106029
0.000000105927
0.000000105824
0.000000105721
0.000000105619
0.000000105517
0.000000105415
0.000000105313
0.000000105211
0.000000105109
0.000000105008
0.000000104907
0.000000104805
0.000000104704
0.000000104604
0.000000104503
0.000000104402
0.000000104302
0.000000104201
0.000000104101
0.000000104001
0.000000103901
0.000000103802
0.000000103702
0.000000103603
0.000000103503
0.000000103404
0.000000103305
0.000000103206
0.000000103107
0.000000103009
0.000000102910
0.000000102812
0.000000102714
0.000000102616
0.000000102518
0.000000102420
0.000000102323
0.000000102225
0.000000102128
0.000000102031
0.000000101934
0.000000101837
0.000000101740
0.000000101643
0.000000101547
0.000000101450
0.000000101354
0.000000101258
0.000000101162
0.000000101066
0.000000100971
0.000000100875
0.000000100780
0.000000100684
0.000000100589
0.000000100494
0.000000100399
0.000000100305
0.000000100210
0.000000100115
0.000000100021
0.000000099927
