-0.863138292840
-0.690177027166
-1.216011627763
-0.970700622348
-1.208004471217
-1.055147214311
-1.206865347066
-1.095634569453
-1.206571538035
-1.119245651018
-1.206468830995
-1.134655083031
-1.206425459962
-1.145480318816
-1.206404603131
-1.153491327806
-1.206393570469
-1.159653901241
-1.206387292425
-1.164538732454
-1.206383507310
-1.168504243163
-1.206381115496
-1.171786658041
-1.206379544131
-1.174547877565
-1.206378477367
-1.176902516992
-1.206377732591
-1.178933960637
-1.206377199870
-1.180704301177
-1.206376810685
-1.182260715813
-1.206376521017
-1.183639683782
-1.206376301825
-1.184869851313
-1.206376133495
-1.185974023863
-1.206376002496
-1.186970580473
-1.206375899317
-1.187874496601
-1.206375817160
-1.188698096161
-1.206375751087
-1.189451612819
-1.206375697462
-1.190143614628
-1.206375653575
-1.190781329295
-1.206375617378
-1.191370896146
-1.206375587308
-1.191917563375
-1.206375562163
-1.192425843915
-1.206375541006
-1.192899639740
-1.206375523100
-1.193342341777
-1.206375507864
-1.193756910863
-1.206375494835
