-0.013884899215
0.019256034680
0.014993252529
-0.006175098229
0.015286670932
0.031280224376
0.003486452562
0.014797456222
0.058406113925
-0.019347988231
0.009474238997
0.022930028270
-0.003034212304
-0.010952130914
-0.029860251093
-0.028869036803
0.009069625205
0.044634284183
0.005331510346
-0.017851526197
0.003193741715
0.043797581274
0.001830267864
-0.009379850092
0.003154224640
0.010050520498
-0.030614756637
-0.029936586649
0.032757882694
0.005664946271
-0.006221446078
-0.005224428262
0.011071462734
-0.000797097368
0.008876461631
0.024726830731
0.005025221928
-0.048814886754
-0.027484652861
0.018255612583
-0.013228329584
0.011175118992
0.006907907144
-0.018800840976
0.017861692665
0.007301426414
0.004462515105
-0.002591456402
-0.003677697964
-0.026388066800
0.000989755205
-0.016570620162
0.009718205976
0.006477943683
0.032143982274
0.001623071480
0.000382271443
-0.002507922334
0.002720306888
-0.008475844783
-0.020855938306
-0.008625155542
0.026968394554
-0.017756410608
0.014203019838
-0.014123479061
-0.015683615243
0.010055674626
0.018318664759
0.016850300084
-0.010698185656
-0.004329921450
0.002687131995
-0.007261107917
-0.003768045202
-0.004800056372
-0.025165888689
0.025991103354
-0.003968321790
0.009221107701
0.005491090695
0.009540329222
0.008688961711
0.016407203899
-0.006192304855
-0.009371586805
0.017187694348
-0.002577088187
-0.002378096462
-0.038192534784
0.014126728839
0.002356610223
0.005962413047
0.001263795253
0.008029963258
-0.008975097267
-0.010038938531
-0.009237589734
-0.003220811147
0.003092344356
-0.020852443164
0.007588539483
-0.022226479694
0.009766695776
-0.012451460034
-0.022117917260
0.011223467468
0.009960581278
0.002990920660
0.013817032029
0.008110200967
-0.019402596171
-0.009790761650
0.011195440754
0.013624294910
0.005832537138
0.008062983153
0.001310326114
0.017135199966
0.009291540655
0.003020167499
0.002528021714
0.009022364146
0.008440465396
-0.003553597083
-0.000678878134
-0.005462230945
0.025238542846
0.015480229177
-0.001596293485
-0.008448855912
0.014930672805
-0.000023362874
0.023348788651
0.002562957587
-0.018195717842
0.010906055521
0.012446773587
0.000209940646
-0.000232441292
-0.004792497354
0.019010977299
0.000999230059
-0.012107081623
0.000623654178
0.004722584035
-0.008210903406
0.006557533636
-0.011489275780
-0.008213200378
0.003737851455
-0.012170943530
0.017822954874
0.015413019058
0.016508754341
-0.005194283072
-0.012130273996
-0.009670479877
0.006176226691
-0.017401675469
-0.015078278881
-0.013210209923
-0.008392631980
0.008856500757
0.010241068796
-0.002356405232
0.006809721909
-0.005317831260
0.008381603365
-0.000255061281
0.000421651988
-0.004419682483
-0.003833760023
-0.008825289548
0.006196493836
-0.007535886596
-0.001288679282
0.005312078968
0.002578371623
-0.008006689225
0.007434663674
-0.007377045941
0.002653051544
-0.005392614479
0.000400611006
-0.004441500044
0.008303806389
-0.001146498649
-0.007996445407
-0.003052238913
0.018143520524
-0.006078446761
-0.006344522350
0.004103509654
0.004329179165
-0.019494044307
0.006899705120
0.006517946189
0.002563511705
0.013386158427
-0.000979071460
0.012452123767
0.006061893789
0.011214146314
0.016693713355
-0.002909701400
0.000107153724
-0.009020227076
0.011162909201
-0.010267167827
0.009433763882
-0.019264277426
0.019887533371
0.000126330445
-0.003633514868
0.007187002347
0.016704374679
-0.003723062879
-0.010548210901
0.005120913438
-0.017977284647
0.000734484373
-0.002593225338
-0.008467975846
-0.005121647059
0.002185913511
0.002677709119
0.022093564158
-0.010512459057
0.010495583464
0.007353648717
0.001392605559
-0.005342104926
-0.004985312290
0.006720922723
0.005938523587
0.009979945108
0.001719477250
-0.003527834249
0.015259432896
-0.002018883032
-0.018530142989
-0.005130088587
0.020999859386
0.006683535635
-0.005220992864
-0.003355786573
-0.002020653490
-0.007801097596
-0.002841883513
-0.004489153292
-0.000103363005
0.002542007563
-0.005927247442
-0.005146162042
0.004329174072
-0.001861160356
-0.002904529596
0.002279170691
0.001041309707
0.003100870711
-0.001142750698
0.005670106548
0.007053889044
0.007243891955
-0.010890678328
0.000825022008
-0.013770630630
0.008018266270
-0.002271572536
0.009074784543
0.003319989977
-0.008073636951
0.012279551379
-0.003748217694
-0.003736667699
0.012489839198
0.007525929654
-0.003094816984
0.012129332939
-0.011357732331
-0.000850856406
0.006769511388
0.001699246557
0.007377894064
0.014523921813
0.004326767423
0.000917040165
0.008428858516
-0.011191705357
0.002967437398
0.004864091862
-0.009877574725
-0.001542369914
-0.001428409342
-0.012435791054
0.000020856532
0.004642852472
0.004192511397
-0.016414922300
0.000269472949
0.017486651460
-0.009020833892
-0.011409256122
0.006972560815
-0.001222227084
0.001650255014
0.009822134392
0.003769238017
-0.007016323660
0.004674203164
-0.000237321072
0.001155490505
-0.003716508129
-0.007526903072
-0.012975680643
-0.001226346945
0.004613466893
0.006888567362
-0.001246967781
-0.001124692325
-0.004959970636
-0.006197054920
-0.000615073328
0.000082567976
0.008209745917
0.002869784103
-0.009326309669
0.000696569837
-0.014360305806
0.002565302940
0.003766107600
0.012177575850
-0.006220213187
-0.000778089097
0.000424396779
0.007741813925
-0.001214112249
-0.003832101021
-0.005305429606
0.003102551610
-0.012262827235
-0.004953188973
0.013991004934
0.002835959450
-0.001557700978
0.007762019281
0.011709746489
0.005822845920
-0.009422179393
-0.000780456311
-0.001156485005
-0.008128986032
0.011400839256
-0.002095437634
-0.005146892113
0.000477669223
-0.004585922141
-0.000910072528
0.011537720514
0.002891664715
0.009760862177
-0.004155690919
-0.019563110216
-0.004396440674
0.001330960551
0.003404522357
-0.010172995454
-0.000050977934
0.001432848266
-0.000199981532
-0.003987282230
0.000660101984
0.000228237826
-0.004222802172
-0.000761808972
-0.001445760021
0.001002985750
0.008937328611
0.002721324747
0.007363540615
-0.006002457145
0.000212719682
0.002445254861
0.004918785091
0.009184723111
-0.003612486063
0.006723100744
-0.010277113579
0.000223186434
-0.001134745959
0.010429822487
-0.003349983264
0.000363787847
0.001056844519
-0.017057730351
0.002111112276
0.000878305746
-0.011131627359
0.004285659250
0.003736505626
-0.001324394397
0.000736064639
-0.002545577887
0.012356565325
0.001230722009
0.007465787952
0.009724468417
-0.002255980048
-0.005887734603
-0.007690681427
0.001683321697
-0.000124845483
-0.006798504524
0.004269392576
0.008038964678
0.004193100035
-0.015382683511
-0.000466907036
-0.004745888193
0.000753281286
0.006061617070
0.000030118604
0.011051705790
-0.001884814727
-0.002803856507
0.009568285466
0.002702299596
-0.005280099246
-0.002698362177
0.013228631353
0.004819900785
0.003015839186
0.004939452160
-0.004667822164
-0.001204503511
0.003218143394
-0.004002057368
0.005437659720
0.000043602512
-0.000720615713
-0.008969965368
0.000441471447
-0.002196751258
-0.002919350767
0.004755283222
-0.008825282264
0.007365547451
-0.010953644452
0.004058708098
-0.004800147903
-0.012816018202
-0.004644441559
0.009174976391
-0.002128338188
0.001934484339
-0.001550724978
-0.008447734603
-0.004022949360
0.002671275432
0.004730255600
-0.008875841323
0.006317633514
-0.009658535346
-0.001001418829
-0.005282059243
-0.002542920595
0.009298815710
0.001016310035
-0.002611727468
0.004938195280
-0.000157133976
0.000814426190
0.004491421005
-0.000649108762
0.007807248009
-0.005195122722
0.013415205470
-0.000006885004
-0.001772991104
0.000739649991
0.011935882404
0.015329904574
-0.002767529327
-0.001107097128
0.004811889129
-0.014721513612
0.008698893329
0.006467693680
-0.007412702222
-0.004220994699
0.004522406783
-0.002757390227
-0.002533032571
0.001508541939
-0.000182325861
0.001398325992
-0.003544059329
0.014303345810
0.008674140517
-0.000706978965
0.004179565107
0.004676585302
-0.014116499306
0.004630235375
0.001144434406
-0.009007965662
0.001826240600
-0.007288990297
-0.005753006654
0.002405009470
-0.011957248646
-0.009207489226
0.003242435276
-0.000948146059
-0.002906824313
-0.001306329035
0.001304300417
0.009086288815
-0.002497300492
-0.010433194130
-0.006534091559
-0.006577530311
-0.005538650073
-0.001788009274
0.001405761052
0.003280349736
-0.013033435871
-0.005124297882
0.002125130838
0.001927447022
0.005912988030
-0.001067989049
-0.001577294800
0.002697722251
-0.000257993433
-0.003741791091
-0.006621962572
0.005942135788
0.011464970989
-0.005912150578
-0.003789818158
0.008472487545
0.007796881728
0.003669816590
0.004017362390
0.001188813253
-0.004052660184
-0.004089935468
-0.001602182739
-0.007270725314
0.006239400441
-0.008963420316
-0.003916876449
-0.003239385358
0.006111971323
0.000809034975
-0.005210971024
-0.000214225112
-0.001538322006
-0.007338170044
-0.004514668872
-0.011464264229
0.000706076735
-0.007441756542
-0.007834585577
-0.002367022739
-0.008316463994
-0.004331889611
0.008319319130
0.010503956879
0.001181719981
-0.001279116710
-0.000195120528
-0.012798405071
-0.006705485594
-0.006933498485
0.002785489778
0.004009517387
0.004769312178
-0.004040951919
-0.000622327463
-0.008270531538
-0.004445506120
-0.001393043029
0.001520913259
-0.002938697137
0.000880746868
-0.008342710802
-0.003086302631
-0.003424163861
-0.000108759675
-0.003118639620
0.004509740091
-0.006377222536
0.000214735857
-0.005920670553
0.008718324366
0.007018300903
-0.004028692654
-0.002107860524
-0.005112474236
-0.004379144104
0.002514152739
0.002692400665
0.000403064474
-0.004897839894
-0.005903221566
-0.007812842730
-0.016867415309
-0.004114276871
0.004989164726
0.000846890863
-0.006109251382
0.001627338971
-0.009146723163
-0.002212100212
0.001960314955
-0.009812677271
-0.000964541780
0.005523915650
0.006407668315
0.005128302079
-0.000268618112
0.001326274942
-0.002645312397
0.007986663318
-0.002020699856
-0.000555125070
0.008177066869
0.000644465822
-0.000167984230
0.000211223292
-0.002077273656
-0.001003541593
0.001771892033
-0.006895463908
-0.005901589381
0.001148799193
0.001070739162
0.004491418004
0.003241500651
-0.003041683499
0.001468930769
-0.000554622894
-0.002586172450
-0.001454995600
0.009149148661
-0.008808228155
-0.002051571003
-0.001124425283
0.003751735421
0.004699277568
-0.002954399867
0.007308856290
0.000748941462
0.010630405928
0.000222780968
0.003629595988
0.001304683071
0.006194423403
-0.006341956844
0.005881335090
-0.000537823541
-0.002605072502
-0.003970374917
0.001162359384
-0.003561449626
-0.006507430688
-0.000960817825
-0.007816948196
0.004519890449
-0.002270458059
-0.001922654253
0.003028100487
-0.000901589223
-0.000613662628
-0.002149204833
0.000787038018
0.001498330659
0.006382891528
0.003826675968
0.005865045619
0.004920091278
0.001849324566
-0.005336050170
0.000204854434
-0.002354616035
0.001266545941
-0.001502603972
-0.006761419701
0.003357998323
0.003433912384
-0.000936971645
0.003392078250
0.005837990140
-0.010723004631
-0.001385015550
-0.010440305412
0.008260013266
-0.002955648686
-0.003304143613
-0.000464405244
0.000701371218
0.005422122237
0.003377574624
-0.001345536351
0.003510059016
0.002510222585
-0.002026875601
0.007064183753
-0.000579687422
0.005718622007
0.008316296965
-0.001839441615
-0.001627579746
0.000440009478
-0.002396407093
-0.005242128723
-0.007948065636
0.000178234257
-0.007198711251
0.009328047297
-0.002890593810
0.003860804410
-0.001225452377
0.000342069586
-0.004502352391
-0.005117865441
0.002588149247
-0.003790524223
-0.003573135343
0.009949151612
-0.006337221216
0.003627544507
0.001860471023
-0.002294948277
0.002963157440
-0.001282528674
0.002875606867
0.005991344346
0.004422524126
0.000684812732
0.001200746954
0.005576329512
-0.008430751419
0.001525144673
0.006938132363
0.002193471861
-0.000153486386
0.003993393732
0.003284050128
-0.005234956464
0.005230201277
0.000777648476
0.000030765000
0.002295852371
0.000029304377
0.000931054866
-0.007654325912
0.002388352711
0.004274730240
0.005009435828
0.003969918713
0.002623025085
-0.003299335191
0.005445751350
-0.007838346124
0.004283541339
-0.000907703493
0.005212334300
0.001459323017
0.001478735252
0.008463344100
-0.006049378979
-0.003602783092
0.006185258573
0.000738329442
-0.001927918848
-0.005415355706
0.005431089855
-0.002076796355
0.003498366888
0.003314612478
-0.010413826044
-0.008315028940
-0.007106917132
-0.006089429555
0.001234215007
-0.004914057153
-0.000267338780
-0.001265415336
-0.002368327573
0.005800564101
-0.000232515238
-0.001118736273
-0.003645949659
0.002626778847
0.003463745964
0.001634291476
-0.005021566246
0.003029464232
0.007208829781
-0.002311115020
0.008028718106
0.001827859561
0.002026237310
-0.003441722341
-0.003217852489
0.006572230277
-0.005149973020
0.000754958741
-0.005914487571
0.002325264201
-0.000128672105
-0.000496306495
-0.007236487057
-0.000031938910
0.007150885593
0.002729112946
-0.005063767004
-0.000317390016
0.003965948948
-0.002684755965
-0.002014802304
-0.003490638746
0.006683428689
-0.003541465913
-0.008007167675
-0.003158910893
0.003505783766
0.010489272402
-0.002568480793
-0.006364013908
0.001121585459
0.004022601570
0.004490430690
-0.000694963531
0.002027623664
0.002356189046
-0.010057912249
-0.004332372683
0.004914107182
-0.005251223602
0.003707959640
-0.006018382643
-0.008244272468
0.002953482861
0.009950617682
0.006913765858
0.001792143772
0.000407291190
-0.001352537175
-0.006652901256
-0.008360519703
-0.008181017069
-0.000506385651
-0.007712155807
0.002222341882
0.003270479938
0.001349512731
-0.003715676871
0.002122655395
-0.003311736501
0.000788414810
0.001785804424
0.012235444836
-0.006880056585
-0.005229573335
0.002479161186
-0.005596246922
-0.006595350124
0.006299408544
0.002040728166
0.008075712130
-0.006453301573
0.004983692266
0.001194910595
-0.008186764345
0.005113193841
-0.007449581561
0.001892422650
0.003459014509
0.004280314754
0.003028371928
-0.001849293603
-0.006005517392
0.003877367136
0.003377381112
-0.002126916773
-0.000201195270
0.002107808265
0.003601814419
-0.010154997886
0.001162159160
-0.008599715589
0.002852131829
0.000562330920
-0.002381577524
-0.002728371628
0.007738771022
-0.002677173990
-0.007649746244
-0.004115757769
-0.000152808201
0.008220275684
-0.000519095938
-0.003548917327
-0.001755793030
0.003383540218
0.003348152874
0.007989221746
0.007600780040
0.006577509755
-0.002775549336
-0.004793008629
0.000022281408
-0.002149969870
0.006028945778
-0.002249259781
0.008629210169
0.009017569518
-0.000393818788
0.007645524532
-0.002201157725
-0.005704810629
-0.002753012919
-0.002644425426
0.000816993464
0.004812716826
-0.002871672242
-0.001652294522
0.003478759199
-0.002473100105
-0.004824906837
0.000063220417
0.004971716580
0.006518634132
0.006039428217
0.002858947589
-0.002202013084
-0.004349227907
0.002133598985
0.007401238851
0.003260326883
0.001785334552
0.004859504289
0.005437097899
0.001114476454
0.006224250972
-0.000600695227
0.001013569629
-0.004364753584
-0.005585674343
-0.005617865545
-0.000273194152
-0.004044838376
-0.000867362269
-0.000780368786
-0.005748082530
0.001094663678
0.001761240983
0.002824912323
-0.001299170667
0.006531478507
0.005527544641
-0.003687212784
-0.001888186913
-0.005057549841
-0.008734113087
-0.000366922482
-0.001723378229
-0.001417983018
-0.002655497444
-0.004079805630
-0.003872679965
0.001704112540
-0.009670161349
0.003128729285
0.004939464516
0.001151902243
-0.000235306802
-0.002273595786
-0.000450639917
-0.012247170366
0.000979955443
0.003068799090
0.008920671492
0.002126705837
0.000152057327
-0.002295302022
-0.006208080461
0.000907717360
-0.004950961653
0.003648831264
-0.002230322006
0.002701272021
-0.002750741957
-0.001812084913
-0.002578533722
0.003283722626
-0.005880899625
-0.007631979281
-0.001067668727
-0.003340213538
0.000080215053
0.004906410735
0.000447392229
-0.001468669129
-0.001470742143
0.001416757922
-0.002827525005
-0.002702660679
0.002498183295
-0.006785626289
-0.001844860466
-0.006686017681
0.003121305961
0.001867498844
-0.001508562707
-0.004843884232
0.002560652695
-0.001461527939
0.001521302973
-0.004098003263
0.001404345638
0.001294635284
-0.003700431957
-0.000917691452
-0.002538194072
-0.004671057299
0.001595064193
0.002090105562
0.003256939542
-0.001487071656
-0.000482773964
-0.003521240204
-0.003113242273
0.002744855988
-0.005150126162
0.001918316049
-0.005678865200
-0.002618549465
-0.002454913093
-0.003473209670
-0.003895735807
-0.000618246586
0.000935945145
-0.005690330052
0.005121026289
0.002288188844
0.001500197753
0.005519337964
0.004319531188
-0.001907783766
0.004085009829
0.005750163984
0.005103680687
-0.004537104418
-0.001278735507
-0.004417053133
0.002849159903
0.004996150718
-0.003285363336
0.006125751143
-0.006690962699
-0.007109364284
-0.000673284458
0.002178869814
0.001453493593
0.002797281721
0.000183220380
0.005222484755
0.003970720163
0.005214622119
0.003547673931
-0.004723008493
0.004837733937
-0.001328583895
0.000444032213
-0.003860892382
-0.002450447656
0.001744104742
0.005104124549
-0.000914414209
-0.007326163961
-0.007034680779
-0.000063887639
0.001649915660
-0.000912724112
0.006845038524
-0.005560678515
0.004850924930
-0.001405730636
-0.005743401994
0.001512792691
0.005230646010
-0.000298539972
-0.001886389766
-0.010728411437
-0.003994094888
-0.004677718928
0.003357963308
-0.003138963008
-0.001090101404
0.001920006400
0.000502162483
-0.001509522872
-0.002533140589
0.006253016138
0.002212510135
-0.000060182572
0.003026560045
0.001093716870
-0.004667927735
0.002606231651
0.003384152628
-0.005623729017
0.005259205206
-0.004790602144
-0.004726737597
0.003542736704
-0.005004966997
0.001075375845
0.001761273992
-0.001950451905
-0.005343739117
0.005609428013
-0.002307586716
-0.001124917004
-0.000227173003
0.001209239642
-0.005419220492
-0.002383559033
0.001671007630
-0.000752509247
0.007850518551
-0.005887505271
-0.007277245748
0.007846050997
-0.001149905868
0.000255392610
-0.005941041175
-0.001510011850
-0.002722178931
0.004868684598
-0.003563968589
-0.000422837160
0.005775303855
-0.005941139809
0.002364778882
-0.006169259903
0.000573925281
-0.003174033930
0.003670057377
0.002056540736
-0.003479682089
0.001213038384
-0.000690544313
-0.007197304725
0.002721742722
-0.002417224553
0.000000029734
-0.000702652324
0.001661438630
-0.002750032055
0.001265822901
-0.007820525962
0.007158961523
0.000082025311
-0.000662067603
-0.008213904288
0.007841333967
0.008592399955
-0.003150525092
-0.006024485758
-0.001965648013
-0.005027666431
-0.005104575266
-0.001058244718
0.005026655736
0.006098484918
0.004426503345
0.000621633932
0.003382764984
0.001453953448
0.003879997731
-0.004229252268
-0.000693814016
-0.000224823367
0.004871419414
0.002120748502
0.006531170589
-0.000208006556
0.000580135858
-0.000171917193
-0.000644131886
0.005081824172
0.000412816894
-0.002139145914
0.002044445758
0.001465534838
0.007817081329
0.003304321552
-0.007594259006
-0.004462205374
0.009506602986
0.001757293903
0.000264085490
0.004121029188
-0.003162367036
0.007926787097
-0.005749103721
0.000343350748
0.002546396326
-0.007392770144
0.000249453840
0.000527206234
0.008163062037
-0.002111640290
0.000679165293
-0.004241379174
0.007193372555
-0.005026553792
-0.004802374577
0.002157430531
-0.000096759458
-0.001170760712
0.001950668666
0.007363783425
0.002392683684
0.007589349828
-0.003506963302
0.002167677651
-0.001587038531
-0.011286876508
-0.001328435214
0.002743886825
-0.001860459401
-0.002668507956
0.002695597115
-0.009199435639
-0.000850827624
0.002014039823
0.001429504066
-0.002309372581
0.001877583104
0.002540767067
0.002149124835
0.004291142601
-0.000797519613
-0.009400338372
0.002962470787
0.002833119313
-0.000187985944
0.001174228329
-0.000044403280
-0.001015877497
-0.001774761195
-0.004634505640
-0.001765765908
0.004253957307
0.001970125929
0.001910883140
-0.005165051629
-0.000605373194
-0.006467139987
-0.000088203434
-0.002519228046
0.000410739483
0.000509302639
-0.007652956678
-0.003345986869
0.003237482795
0.000845451445
-0.006700710758
-0.004852177799
0.003482901865
0.001733959638
0.006030133371
-0.001475449181
-0.000623202936
-0.001852989374
-0.006465937760
0.001361858888
0.003374040214
-0.003907749379
0.002600396298
0.003564111392
0.001323828266
0.000517146624
0.004710386335
0.005758815107
0.000165429893
-0.007122531074
-0.004681653200
-0.006727644471
0.003577852048
-0.001739180172
0.000640680630
-0.000707049788
-0.004074218652
-0.000898317985
0.000144100213
-0.000642309418
-0.005226170846
-0.000398257410
0.002278990013
-0.002130024417
-0.001979881270
0.007302475337
-0.000742733280
-0.009587202643
-0.004318691557
-0.003723627866
-0.003028684606
-0.001559242396
-0.004700636203
0.003593514950
-0.003811277136
-0.001325356440
0.002497570245
-0.005899166180
0.000425556645
-0.002150114663
0.003052647106
0.005416225759
0.001344825723
0.001282812582
0.002706543370
-0.007588652125
0.010007418142
0.005936716751
-0.002533689028
0.001232504627
-0.003790329885
-0.000987556492
0.000169655583
-0.004367214641
0.006273717662
0.000389297086
0.003659303201
-0.000950855756
0.005167556554
-0.004618247876
-0.006899003381
0.001763639826
0.003664876220
-0.001301716379
0.003649541851
-0.007273186830
-0.000728823959
-0.001429506562
0.001834919582
-0.004250774203
-0.000570870201
0.001305161796
0.002724677070
-0.000465710290
-0.003075616119
-0.001581601446
0.001154819178
-0.000076002339
0.003419842446
0.004520044148
0.001243358784
0.003274578847
-0.002783267644
-0.001152745839
0.001245634259
0.004839764530
0.000257020916
0.003196708914
0.005044406940
-0.003429953285
-0.000017298704
-0.004703229374
0.009088957023
0.002900342200
0.005224526479
-0.001968328718
0.000335617248
-0.003768244053
-0.001282162399
0.001884240275
-0.010825068102
-0.002323909795
0.006873229935
-0.000662512272
0.001962848091
0.000786958861
-0.000475628574
-0.005278934290
0.006391144923
-0.003728430517
0.000190851070
0.000467168554
-0.001509344046
-0.002079768079
-0.000517381185
-0.003029334152
0.006253522044
0.001108168470
-0.000941925186
0.000927196883
0.007796868934
-0.000079784559
0.000406278861
-0.003665792798
0.000409478897
-0.002101424688
-0.003346078392
0.002153234729
-0.000314959487
-0.002015158388
-0.001483764530
-0.004901331221
0.003842011275
-0.002220986727
0.001296665412
0.005799396318
0.001721417398
-0.001706765810
-0.002334653092
0.001871137040
-0.000536707200
0.002994159231
-0.001827655764
-0.000934142039
0.002988294432
0.003021860283
0.003546278478
0.002854666499
0.000302477804
0.000166075782
0.005744811687
0.001368195776
0.005417836685
-0.003246642197
-0.000901251185
-0.001065392491
0.002493467504
0.004215318265
0.001759491076
0.001539440580
-0.000615813125
-0.003419559793
0.000730858007
0.009215412606
0.001531222158
0.000102152169
0.003736148800
-0.001438474452
0.004538481951
0.000663569824
0.003373708723
0.002040435664
0.001941750211
0.000838272405
0.006062360034
-0.000167805148
0.004180587174
0.003527553637
-0.004191982685
0.000342240720
0.006892727939
-0.001675624437
0.000496331231
-0.003402169354
-0.004044011199
-0.002401325435
0.004354009303
0.000128753556
-0.003863397542
0.005424871235
0.002807229103
-0.001933815345
0.002220251048
0.005747026233
0.005222865139
-0.005320845264
0.003287705766
-0.003636685958
0.008354628914
0.000833022610
-0.003171553989
0.002884438953
-0.000291731441
0.004968557771
-0.002988289491
-0.009696433817
0.002378150217
-0.001898909947
0.003840200292
0.002087864050
0.000323631874
-0.001964251638
0.001376557478
-0.004481604091
-0.001828419766
-0.000990341434
0.004074386319
0.000463934576
-0.006089285963
-0.000625657646
0.000156717746
-0.006308673585
0.004762808707
-0.000123804517
-0.002149241636
-0.000230663822
-0.001607635329
0.001110999659
-0.002749737626
-0.003294375927
-0.000460761627
0.002016919947
0.000886098879
-0.002374447672
0.003645354916
-0.001875835305
-0.001955180304
-0.000778015678
0.003811343573
-0.002512010396
0.002531305992
0.002160621056
0.001137382661
0.005241936222
-0.003748359493
-0.001484172237
0.006572472668
-0.002238611035
0.003277682036
0.001471490476
-0.001515829877
0.001732142520
-0.004973496419
-0.002074691374
-0.002766034737
0.004005741998
0.004423428231
0.003137588653
-0.000948935067
-0.004253675898
-0.003907983087
0.003532503345
-0.002879356164
0.004733826007
-0.003212433287
0.007055449420
-0.000850432104
-0.001885185919
-0.004070891649
-0.000189939119
0.006371803611
0.005746362300
0.002464556879
-0.000178616260
-0.002613802462
-0.002467797185
0.003301074333
-0.002966212670
0.002258791192
-0.002485586400
0.004658590950
0.001813998858
0.000228153576
0.002061413589
0.005066052210
0.005610895981
0.002308409431
-0.001515815590
0.003944922632
0.002771092730
-0.002338807313
-0.000393251799
-0.002693194750
-0.009088681548
0.005207968639
-0.003473350241
0.004639142156
-0.002436569336
0.002580630631
0.002460990065
-0.001873297072
-0.004296241115
-0.000802819521
-0.004664921102
0.001074699329
0.005874315161
0.000668650768
-0.001201288327
-0.001517806115
-0.004734293201
-0.004771548138
0.001596738165
0.003760230667
0.005892427167
-0.000911147298
-0.005766995403
0.001062388781
0.002578729602
0.000458960252
-0.001129832616
-0.006485588954
-0.002464132386
-0.008850108017
-0.002816760751
0.006496809751
-0.002551303924
0.001987647970
0.003124479623
0.001723052078
0.003211689138
-0.003097606681
0.002764844374
0.005775763159
0.003154557262
-0.002256748856
0.005137263964
-0.002530944144
0.001239743123
-0.000422702357
-0.000815782543
-0.002047795734
0.001083845186
-0.000023925830
0.002032409165
-0.005574450290
0.004602082509
0.000405019906
0.003930609011
0.003550833920
-0.003906472773
0.001932717270
0.008148364235
-0.002493114097
0.002524049865
-0.004450246178
-0.000223081990
0.000331250317
-0.002221266681
0.003709047779
-0.000447270340
0.003243426572
0.006357598253
0.002965378856
0.001571980815
0.001350116685
-0.001370181819
0.006522936709
-0.007376603484
0.002943579984
0.001165463139
0.003475726065
0.004920824166
0.001923629190
0.000058938465
0.000149563087
0.004926136062
-0.004608778032
-0.001303655741
-0.001689297012
0.006160516780
-0.003144262303
-0.001299367066
-0.001712389948
0.000830465037
-0.000243897408
0.001380363172
-0.005782809443
-0.002845146162
0.000162898260
-0.004536616710
0.004167724249
0.000028610837
-0.000678516552
0.004557181425
0.003380139621
0.005315015939
-0.002430688150
0.000382302923
-0.005488862294
0.002343138820
-0.000397242451
0.001207538457
0.001271677521
0.000378312819
-0.005412015358
0.001124489649
0.002855007860
-0.001976234509
-0.000426493624
0.003557671066
0.004471699572
-0.002003386237
-0.005286943937
0.000903564877
-0.002031157855
0.000616235920
-0.004715202939
-0.002149974853
0.001726362318
0.000951167621
-0.001543264036
0.005539361300
0.006802677958
-0.001462329072
-0.002372649761
-0.002675443750
-0.001007222445
-0.005258974118
-0.002332354078
0.001392011832
-0.001791449900
-0.001788389539
-0.002182244602
-0.004245090423
-0.004310875759
-0.000094374444
0.001922779415
0.006851282243
-0.000475272598
0.002332759085
0.003715144809
-0.000821121313
0.000641776033
-0.002736598071
0.000239111123
-0.002450530228
0.002432109724
0.000113118362
0.001739382094
0.002403411955
0.000468811969
-0.004597947572
-0.001494713301
-0.002015999113
0.002735095676
0.001555270131
0.002885968844
-0.000621592871
0.000857703248
-0.000185218480
0.001040145819
0.001602599156
0.001252699603
0.004723608180
-0.000218212713
0.002785155872
-0.003614170574
-0.002936729848
-0.001047780757
-0.000493219260
-0.001887270247
-0.001532316941
-0.005863384826
0.002527042137
-0.000767685754
-0.005527084387
-0.004103313993
0.003204084080
-0.002285801190
0.006784694687
-0.001427311601
-0.005294019987
-0.004709326580
0.001960313725
0.003665301364
-0.002613658522
0.000966296597
-0.000229490193
-0.003600964876
0.002735451286
-0.001199144161
0.002329613108
0.000699615300
-0.002684395799
-0.002810866428
0.001641911377
-0.000717382645
-0.001615185401
-0.000271604784
-0.003519728084
-0.003453932453
-0.005051039108
-0.001685720360
-0.002463078710
-0.001462952040
0.007310502460
-0.003276350120
-0.001052989148
-0.001003785651
0.003815316494
-0.000452128535
0.004798621179
0.003124535399
0.005494525147
0.002690543237
0.001462541967
-0.003481271177
-0.002581910234
0.000119361293
0.000505220491
0.006577404036
0.001123269592
-0.005844637315
0.002401018557
0.004846182359
-0.001186137022
-0.002176207993
-0.004163066581
0.001221249365
-0.001110223982
0.000962303052
-0.001793930697
0.004526214872
0.000731761028
0.005077109727
0.003336196521
-0.005589666216
-0.002075298775
-0.001217670238
-0.002879118396
0.001420912119
0.003140760202
0.001044282967
-0.000734616427
-0.002877012990
-0.002018565351
0.003058871058
0.002963894204
0.002531928374
0.002923145377
0.003107326103
-0.002388567591
-0.001619713475
0.001040347931
0.005729999289
-0.004118860168
-0.001955810595
-0.001287468120
0.006317573688
-0.000777951896
-0.003036464392
-0.005191324348
-0.000359841351
-0.002726266694
-0.003263947266
-0.005157983553
0.002712089239
-0.004265945991
-0.001375176459
-0.000995764976
0.004817741033
0.002863461990
-0.001631078164
-0.003903523309
-0.001931191663
0.004345684417
-0.003853123876
-0.004027746422
0.003565982357
0.000233595602
-0.004337808490
-0.000607783057
0.003560417053
-0.004760129221
0.004798203028
0.000006911627
0.001523985319
0.004519992271
0.000959179282
0.000995612107
-0.003124471685
0.002232561564
-0.001871936902
0.003191038530
0.004623994684
-0.000081567011
-0.000907334421
0.005655284541
-0.000624044897
-0.001746742322
0.001171196921
0.002099959022
-0.004389048474
-0.004351706517
-0.002588307264
-0.003140777772
-0.000948314090
0.004412397098
-0.001002925387
-0.004024855625
0.002875856592
0.000411328571
-0.001897061215
-0.002409265561
-0.003385656694
0.001337617247
-0.007292347817
-0.008422400276
-0.005717354020
0.005071537291
0.004753507377
0.003460003590
-0.001655037532
0.002233629091
-0.007126786942
0.002908464884
0.001813970074
-0.000433855064
0.000637863503
-0.002257593763
0.003495104470
-0.001630466685
-0.003746124876
-0.003036055710
0.000972091224
0.003151413564
0.004309524837
0.004081832030
0.003131693746
-0.004084879511
-0.001650720786
0.007683996374
-0.001780819028
-0.002512296047
-0.000471321379
0.001865577388
0.000756598613
0.000242017727
0.004644404109
-0.006256032526
0.001659406278
-0.000142538758
0.002807736177
0.000392464014
0.003619027665
-0.001921490359
-0.003727421531
0.002570328667
0.005122547351
-0.003311986113
0.002325990921
0.002863632772
0.000790706429
0.002539128319
-0.001538284073
-0.004049727129
0.001729916091
0.002230166979
-0.000634212220
-0.003662970456
-0.002200964062
0.002996538450
0.000121095080
-0.006888702731
0.002255044302
0.000994094230
0.006039083702
0.001641846763
-0.000726200633
-0.002588216858
0.002576209269
-0.003244409883
0.002131028256
0.000195385908
-0.003303616973
-0.002330553463
-0.002573608495
-0.002398959562
0.000444002633
0.000091660190
-0.000383134575
0.001392270862
-0.000502114384
0.004162849425
-0.002154493644
0.000841379501
0.006642009057
-0.002278508210
-0.004479424926
-0.001879346482
-0.000990393528
-0.001695242191
0.004315573627
-0.000733603192
-0.001294528581
