-1.220260294625
-1.187119360730
-1.191382142881
-1.212550493639
-1.191088724478
-1.175095171034
-1.202888942848
-1.191577939188
-1.147969281485
-1.225723383641
-1.196901156413
-1.183445367140
-1.209409607714
-1.217327526324
-1.236235646503
-1.235244432213
-1.197305770205
-1.161741111227
-1.201043885064
-1.224226921607
-1.203181653695
-1.162577814136
-1.204545127546
-1.215755245502
-1.203221170770
-1.196324874912
-1.236990152047
-1.236311982059
-1.173617512716
-1.200710449139
-1.212596841488
-1.211599823672
-1.195303932676
-1.207172492778
-1.197498933779
-1.181648564679
-1.201350173482
-1.255190282164
-1.233860048271
-1.188119782827
-1.219603724994
-1.195200276418
-1.199467488266
-1.225176236386
-1.188513702745
-1.199073968996
-1.201912880305
-1.208966851812
-1.210053093374
-1.232763462210
-1.205385640205
-1.222946015572
-1.196657189434
-1.199897451727
-1.174231413136
-1.204752323930
-1.205993123967
-1.208883317745
-1.203655088522
-1.214851240193
-1.227231333716
-1.215000550952
-1.179407000857
-1.224131806018
-1.192172375572
-1.220498874471
-1.222059010653
-1.196319720784
-1.188056730651
-1.189525095326
-1.217073581066
-1.210705316860
-1.203688263415
-1.213636503327
-1.210143440612
-1.211175451782
-1.231541284099
-1.180384292056
-1.210343717200
-1.197154287709
-1.200884304715
-1.196835066188
-1.197686433699
-1.189968191511
-1.212567700265
-1.215746982215
-1.189187701063
-1.208952483597
-1.208753491872
-1.244567930194
-1.192248666571
-1.204018785187
-1.200412982363
-1.205111600157
-1.198345432152
-1.215350492677
-1.216414333941
-1.215612985144
-1.209596206557
-1.203283051054
-1.227227838574
-1.198786855927
-1.228601875104
-1.196608699634
-1.218826855444
-1.228493312670
-1.195151927942
-1.196414814133
-1.203384474750
-1.192558363381
-1.198265194443
-1.225777991581
-1.216166157060
-1.195179954656
-1.192751100500
-1.200542858272
-1.198312412257
-1.205065069296
-1.189240195444
-1.197083854755
-1.203355227911
-1.203847373696
-1.197353031265
-1.197934930014
-1.209928992493
-1.207054273544
-1.211837626355
-1.181136852564
-1.190895166233
-1.207971688895
-1.214824251323
-1.191444722605
-1.206398758284
-1.183026606759
-1.203812437823
-1.224571113252
-1.195469339889
-1.193928621823
-1.206165454764
-1.206607836702
-1.211167892764
-1.187364418111
-1.205376165351
-1.218482477033
-1.205751741232
-1.201652811375
-1.214586298816
-1.199817861774
-1.217864671190
-1.214588595788
-1.202637543955
-1.218546338940
-1.188552440536
-1.190962376352
-1.189866641069
-1.211569678482
-1.218505669406
-1.216045875287
-1.200199168719
-1.223777070879
-1.221453674291
-1.219585605333
-1.214768027390
-1.197518894653
-1.196134326614
-1.208731800642
-1.199565673501
-1.211693226670
-1.197993792045
-1.206630456691
-1.205953743422
-1.210795077893
-1.210209155433
-1.215200684958
-1.200178901574
-1.213911282006
-1.207664074692
-1.201063316442
-1.203797023787
-1.214382084635
-1.198940731736
-1.213752441351
-1.203722343866
-1.211768009889
-1.205974784404
-1.210816895454
-1.198071589021
-1.207521894060
-1.214371840817
-1.209427634323
-1.188231874886
-1.212453842171
-1.212719917760
-1.202271885756
-1.202046216245
-1.225869439718
-1.199475690290
-1.199857449221
-1.203811883705
-1.192989236983
-1.207354466870
-1.193923271643
-1.200313501622
-1.195161249096
-1.189681682055
-1.209285096810
-1.206268241686
-1.215395622486
-1.195212486209
-1.216642563237
-1.196941631528
-1.225639672836
-1.186487862039
-1.206249064965
-1.210008910279
-1.199188393064
-1.189671020731
-1.210098458289
-1.216923606311
-1.201254481972
-1.224352680057
-1.205640911037
-1.208968620748
-1.214843371256
-1.211497042469
-1.204189481899
-1.203697686291
-1.184281831252
-1.216887854467
-1.195879811947
-1.199021746694
-1.204982789851
-1.211717500336
-1.211360707700
-1.199654472687
-1.200436871823
-1.196395450302
-1.204655918160
-1.209903229659
-1.191115962514
-1.208394278442
-1.224905538399
-1.211505483997
-1.185375536024
-1.199691859775
-1.211596388274
-1.209731181983
-1.208396048900
-1.214176493006
-1.209217278923
-1.210864548702
-1.206478758415
-1.203833387847
-1.212302642852
-1.211521557452
-1.202046221338
-1.208236555766
-1.209279925006
-1.204096224719
-1.205334085703
-1.203274524699
-1.207518146108
-1.200705288862
-1.199321506366
-1.199131503455
-1.217266073738
-1.205550373402
-1.220146026040
-1.198357129140
-1.208646967946
-1.197300610867
-1.203055405433
-1.214449032361
-1.194095844031
-1.210123613104
-1.210112063109
-1.193885556212
-1.198849465756
-1.209470212395
-1.194246062471
-1.217733127741
-1.207226251816
-1.199605884022
-1.204676148854
-1.198997501346
-1.191851473597
-1.202048627987
-1.205458355245
-1.197946536894
-1.217567100767
-1.203407958012
-1.201511303548
-1.216252970135
-1.207917765324
-1.207803804752
-1.218811186464
-1.206354538878
-1.201732542938
-1.202182884013
-1.222790317710
-1.206105922461
-1.188888743950
-1.215396229302
-1.217784651532
-1.199402834595
-1.207597622494
-1.204725140396
-1.196553261018
-1.202606157393
-1.213391719070
-1.201701192246
-1.206612716482
-1.205219904905
-1.210091903539
-1.213902298482
-1.219351076053
-1.207601742355
-1.201761928517
-1.199486828048
-1.207622363191
-1.207500087735
-1.211335366046
-1.212572450330
-1.206990468738
-1.206292827434
-1.198165649493
-1.203505611307
-1.215701705079
-1.205678825574
-1.220735701216
-1.203810092470
-1.202609287810
-1.194197819560
-1.212595608597
-1.207153484507
-1.205950998631
-1.198633581485
-1.207589507660
-1.210207496431
-1.211680825016
-1.203272843800
-1.218638222645
-1.211328584383
-1.192384390476
-1.203539435960
-1.207933096388
-1.198613376129
-1.194665648921
-1.200552549490
-1.215797574803
-1.207155851721
-1.207531880415
-1.214504381442
-1.194974556154
-1.208470833044
-1.211522287523
-1.205897726187
-1.210961317551
-1.207285467938
-1.194837674896
-1.203483730695
-1.196614533233
-1.210531086329
-1.225938505626
-1.210771836084
-1.205044434859
-1.202970873053
-1.216548390864
-1.206426373344
-1.204942547144
-1.206575376942
-1.210362677640
-1.205715293426
-1.206147157585
-1.210598197582
-1.207137204382
-1.207821155431
-1.205372409660
-1.197438066799
-1.203654070663
-1.199011854795
-1.212377852555
-1.206162675728
-1.203930140549
-1.201456610319
-1.197190672299
-1.209987881473
-1.199652294666
-1.216652508989
-1.206152208976
-1.207510141369
-1.195945572923
-1.209725378674
-1.206011607563
-1.205318550891
-1.223433125761
-1.204264283134
-1.205497089664
-1.217507022769
-1.202089736160
-1.202638889784
-1.207699789807
-1.205639330771
-1.208920973297
-1.194018830085
-1.205144673402
-1.198909607458
-1.196650926993
-1.208631375458
-1.212263130013
-1.214066076838
-1.204692073713
-1.206500240893
-1.213173899934
-1.202106002835
-1.198336430733
-1.202182295375
-1.221758078921
-1.206842302446
-1.211121283603
-1.205622114124
-1.200313778340
-1.206345276806
-1.195323689620
-1.208260210137
-1.209179251917
-1.196807109944
-1.203673095814
-1.211655494656
-1.209073757587
-1.193146764057
-1.201555494625
-1.203359556224
-1.201435943250
-1.211043217574
-1.207579898921
-1.203157252016
-1.210377452778
-1.200937735690
-1.206331792898
-1.207096011123
-1.215345360778
-1.205933923963
-1.208572146668
-1.209294746177
-1.201620112188
-1.215200677674
-1.199009847959
-1.217329039862
-1.202316687312
-1.211175543313
-1.219191413612
-1.211019836969
-1.197200419019
-1.208503733598
-1.204440911071
-1.207926120388
-1.214823130013
-1.210398344770
-1.203704119978
-1.201645139810
-1.215251236733
-1.200057761896
-1.216033930756
-1.207376814239
-1.211657454653
-1.208918316005
-1.197076579700
-1.205359085375
-1.208987122878
-1.201437200130
-1.206532529386
-1.205560969220
-1.201883974405
-1.207024504172
-1.198568147401
-1.211570518132
-1.192960189940
-1.206382280414
-1.208148386514
-1.205635745419
-1.194439513006
-1.191045490836
-1.209142924737
-1.207482492538
-1.201563506281
-1.221096909022
-1.197676502081
-1.199907701730
-1.213788097632
-1.210596390109
-1.201852988627
-1.209132785637
-1.208908427981
-1.204866853471
-1.206557721272
-1.204977069418
-1.209919454739
-1.192072049600
-1.197701254893
-1.207082374376
-1.202195830303
-1.201698810108
-1.220491894716
-1.201745160035
-1.205230961004
-1.215383361072
-1.204549154810
-1.213664385707
-1.212128402064
-1.203970385940
-1.218332644056
-1.215582884636
-1.203132960134
-1.207323541469
-1.209282219723
-1.207681724445
-1.205071094993
-1.197289106595
-1.208872695902
-1.216808589540
-1.212909486969
-1.212952925721
-1.211914045483
-1.208163404684
-1.204969634358
-1.203095045674
-1.219408831281
-1.211499693292
-1.204250264572
-1.204447948388
-1.200462407380
-1.207443384459
-1.207952690210
-1.203677673159
-1.206633388843
-1.210117186501
-1.212997357982
-1.200433259622
-1.194910424421
-1.212287545988
-1.210165213568
-1.197902907865
-1.198578513682
-1.202705578820
-1.202358033020
-1.205186582157
-1.210428055594
-1.210465330878
-1.207977578149
-1.213646120724
-1.200135994969
-1.215338815726
-1.210292271859
-1.209614780768
-1.200263424087
-1.205566360435
-1.211586366434
-1.206589620522
-1.207913717416
-1.213713565454
-1.210890064282
-1.217839659639
-1.205669318675
-1.213817151952
-1.214209980987
-1.208742418149
-1.214691859404
-1.210707285021
-1.198056076280
-1.195871438531
-1.205193675429
-1.207654512120
-1.206570515938
-1.219173800481
-1.213080881004
-1.213308893896
-1.203589905632
-1.202365878023
-1.201606083232
-1.210416347329
-1.206997722873
-1.214645926948
-1.210820901530
-1.207768438439
-1.204854482151
-1.209314092547
-1.205494648542
-1.214718106212
-1.209461698041
-1.209799559271
-1.206484155085
-1.209494035030
-1.201865655319
-1.212752617946
-1.206160659553
-1.212296065963
-1.197657071044
-1.199357094507
-1.210404088064
-1.208483255934
-1.211487869646
-1.210754539514
-1.203861242671
-1.203682994745
-1.205972330936
-1.211273235304
-1.212278616976
-1.214188238140
-1.223242810719
-1.210489672281
-1.201386230684
-1.205528504547
-1.212484646793
-1.204748056439
-1.215522118573
-1.208587495622
-1.204415080455
-1.216188072681
-1.207339937190
-1.200851479760
-1.199967727095
-1.201247093331
-1.206644013522
-1.205049120468
-1.209020707807
-1.198388732092
-1.208396095266
-1.206930520480
-1.198198328541
-1.205730929588
-1.206543379640
-1.206164172118
-1.208452669066
-1.207378937003
-1.204603503377
-1.213270859319
-1.212276984791
-1.205226596217
-1.205304656248
-1.201883977406
-1.203133894759
-1.209417078909
-1.204906464641
-1.206930018305
-1.208961567860
-1.207830391010
-1.197226246749
-1.215183623565
-1.208426966413
-1.207499820693
-1.202623659989
-1.201676117842
-1.209329795277
-1.199066539120
-1.205626453948
-1.195744989482
-1.206152614442
-1.202745799422
-1.205070712339
-1.200180972007
-1.212717352254
-1.200494060320
-1.206913218951
-1.208980467912
-1.210345770327
-1.205213036026
-1.209936845036
-1.212882826098
-1.207336213236
-1.214192343606
-1.201855504961
-1.208645853469
-1.208298049663
-1.203347294924
-1.207276984633
-1.206989058038
-1.208524600243
-1.205588357392
-1.204877064751
-1.199992503882
-1.202548719442
-1.200510349791
-1.201455304132
-1.204526070844
-1.211711445580
-1.206170540976
-1.208730011445
-1.205108849469
-1.207877999382
-1.213136815111
-1.203017397087
-1.202941483026
-1.207312367055
-1.202983317160
-1.200537405270
-1.217098400041
-1.207760410960
-1.216815700822
-1.198115382144
-1.209331044096
-1.209679539023
-1.206839800654
-1.205674024192
-1.200953273173
-1.202997820786
-1.207720931761
-1.202865336394
-1.203865172825
-1.208402271011
-1.199311211657
-1.206955082832
-1.200656773403
-1.198059098445
-1.208214837025
-1.208002975157
-1.205935385932
-1.208771802503
-1.211617524133
-1.214323461046
-1.206197161153
-1.213574106661
-1.197047348113
-1.209265989220
-1.202514591000
-1.207600847787
-1.206033325824
-1.210877747801
-1.211493260852
-1.203787246163
-1.210165919633
-1.209948530753
-1.196426243798
-1.212712616626
-1.202747850903
-1.204514924387
-1.208670343687
-1.203412237970
-1.207657924084
-1.203499788543
-1.200384051064
-1.201952871284
-1.205690582678
-1.205174648456
-1.200799065898
-1.214806146829
-1.204850250737
-1.199437263047
-1.204181923549
-1.206528881796
-1.202382001678
-1.203091345282
-1.211610351874
-1.201145194133
-1.205597746934
-1.206344630410
-1.204079543039
-1.206346091033
-1.205444340544
-1.214029721322
-1.203987042699
-1.202100665171
-1.201365959582
-1.202405476697
-1.203752370325
-1.209674730601
-1.200929644060
-1.214213741534
-1.202091854071
-1.207283098903
-1.201163061110
-1.204916072393
-1.204896660158
-1.197912051310
-1.212424774389
-1.209978178503
-1.200190136837
-1.205637065968
-1.208303314258
-1.211790751116
-1.200944305555
-1.208452191765
-1.202877028522
-1.203060782932
-1.216789221454
-1.214690424350
-1.213482312542
-1.212464824965
-1.205141180403
-1.211289452563
-1.206642734190
-1.207640810746
-1.208743722983
-1.200574831309
-1.206607910648
-1.207494131683
-1.210021345069
-1.203748616563
-1.202911649446
-1.204741103934
-1.211396961656
-1.203345931178
-1.199166565630
-1.208686510430
-1.198346677304
-1.204547535849
-1.204349158100
-1.209817117751
-1.209593247899
-1.199803165133
-1.211525368430
-1.205620436669
-1.212289882981
-1.204050131209
-1.206504067515
-1.206871701905
-1.213611882467
-1.206407334320
-1.199224509817
-1.203646282464
-1.211439162414
-1.206692785426
-1.202409446463
-1.209060151375
-1.208390197714
-1.209866034156
-1.199691966721
-1.209916861323
-1.214382563085
-1.209534306303
-1.202869611644
-1.195886123008
-1.208943876203
-1.212739409318
-1.205253809951
-1.202352793840
-1.201884964721
-1.207070358941
-1.204347771746
-1.204019206364
-1.216433307659
-1.210707768093
-1.201461288228
-1.211626619012
-1.202667435770
-1.212393778053
-1.214619667878
-1.203421912549
-1.196424777728
-1.199461629552
-1.204583251638
-1.205968104220
-1.207727932585
-1.213028296666
-1.214735915113
-1.214556412480
-1.206881781061
-1.214087551217
-1.204153053529
-1.203104915472
-1.205025882679
-1.210091072282
-1.204252740015
-1.209687131911
-1.205586980600
-1.204589590986
-1.194139950574
-1.213255451995
-1.211604968745
-1.203896234224
-1.211971642332
-1.212970745534
-1.200075986866
-1.204334667244
-1.198299683280
-1.212828696983
-1.201391703144
-1.205180484815
-1.214562159755
-1.201262201569
-1.213824976971
-1.204482972760
-1.202916380901
-1.202095080656
-1.203347023482
-1.208224689013
-1.212380912803
-1.202498028274
-1.202998014298
-1.208502312183
-1.206576590680
-1.204267587145
-1.202773580991
-1.216530393296
-1.205213236251
-1.214975110999
-1.203523263581
-1.205813064490
-1.208756972934
-1.209103767038
-1.198636624388
-1.209052569400
-1.214025141654
-1.210491153179
-1.206528203611
-1.198155119726
-1.206894491348
-1.209924312737
-1.208131188440
-1.202991855192
-1.203027242536
-1.198386173664
-1.198774615370
-1.199797885655
-1.209150944746
-1.211168404039
-1.206353114002
-1.208525365280
-1.200346449633
-1.208624655192
-1.197746185241
-1.197357825892
-1.206769214198
-1.198729870878
-1.208576553135
-1.212080206039
-1.209128408329
-1.209019820836
-1.205558401946
-1.201562678584
-1.209247067652
-1.208027689932
-1.202896636211
-1.208848495515
-1.211200302247
-1.206312174993
-1.201403678830
-1.199856761278
-1.200335967193
-1.203516447821
-1.208577408494
-1.210724623317
-1.204241796425
-1.198974156559
-1.203115068527
-1.204590060858
-1.201515891121
-1.200938297511
-1.205260918956
-1.200151144438
-1.206976090637
-1.205361825781
-1.210740148994
-1.211961069753
-1.211993260955
-1.206648589562
-1.210420233786
-1.207242757679
-1.207155764196
-1.212123477940
-1.205280731732
-1.204614154427
-1.203550483087
-1.207674566078
-1.199843916903
-1.200847850769
-1.210062608195
-1.208263582323
-1.211432945251
-1.215109508497
-1.206742317892
-1.208098773639
-1.207793378429
-1.209030892854
-1.210455201040
-1.210248075375
-1.204671282870
-1.216045556759
-1.203246666125
-1.201435930894
-1.205223493167
-1.206610702212
-1.208648991196
-1.206826035327
-1.218622565776
-1.205395439967
-1.203306596320
-1.197454723918
-1.204248689573
-1.206223338083
-1.208670697432
-1.212583475871
-1.205467678050
-1.211326357063
-1.202726564147
-1.208605717416
-1.203674123389
-1.209126137368
-1.208187480323
-1.208953929132
-1.203091672784
-1.212256295035
-1.214007374691
-1.207443064137
-1.209715608948
-1.206295180357
-1.201468984675
-1.205928003181
-1.207844064539
-1.207846137553
-1.204958637488
-1.209202920415
-1.209078056089
-1.203877212115
-1.213161021699
-1.208220255876
-1.213061413091
-1.203254089449
-1.204507896566
-1.207883958117
-1.211219279642
-1.203814742715
-1.207836923349
-1.204854092437
-1.210473398673
-1.204971049772
-1.205080760126
-1.210075827367
-1.207293086862
-1.208913589482
-1.211046452709
-1.204780331217
-1.204285289848
-1.203118455868
-1.207862467066
-1.206858169374
-1.209896635614
-1.209488637683
-1.203630539423
-1.211525521572
-1.204457079361
-1.212054260610
-1.208993944875
-1.208830308503
-1.209848605080
-1.210271131217
-1.206993641996
-1.205439450265
-1.212065725462
-1.201254369121
-1.204087206566
-1.204875197657
-1.200856057446
-1.202055864222
-1.208283179176
-1.202290385581
-1.200625231426
-1.201271714723
-1.210912499828
-1.207654130918
-1.210792448543
-1.203526235507
-1.201379244692
-1.209660758746
-1.200249644267
-1.213066358109
-1.213484759694
-1.207048679868
-1.204196525596
-1.204921901817
-1.203578113689
-1.206192175030
-1.201152910655
-1.202404675247
-1.201160773291
-1.202827721479
-1.211098403903
-1.201537661473
-1.207703979305
-1.205931363197
-1.210236287792
-1.208825843066
-1.204631290668
-1.201271270861
-1.207289809619
-1.213701559371
-1.213410076190
-1.206439283049
-1.204725479750
-1.207288119522
-1.199530356886
-1.211936073926
-1.201524470480
-1.207781126046
-1.212118797404
-1.204862602719
-1.201144749400
-1.206673935382
-1.208261785176
-1.217103806847
-1.210369490299
-1.211053114338
-1.203017432102
-1.209514358418
-1.207465496814
-1.204455389010
-1.205873232927
-1.207884918282
-1.208908535999
-1.200122379272
-1.204162885275
-1.206435577982
-1.203348835365
-1.205281678540
-1.211043323145
-1.203769163759
-1.202991242782
-1.211999124427
-1.201116190204
-1.211165997554
-1.211102133007
-1.202832658706
-1.211380362407
-1.205300019565
-1.204614121418
-1.208325847315
-1.211719134527
-1.200765967397
-1.208682982126
-1.207500312414
-1.206602568413
-1.205166155768
-1.211794615902
-1.208758954443
-1.204704387780
-1.207127904657
-1.198524876859
-1.212262900681
-1.213652641158
-1.198529344413
-1.207525301278
-1.206120002800
-1.212316436585
-1.207885407260
-1.209097574341
-1.201506710812
-1.209939363999
-1.206798232570
-1.200600091555
-1.212316535219
-1.204010616528
-1.212544655313
-1.205801470129
-1.209549429340
-1.202705338033
-1.204318854674
-1.209855077499
-1.205162357026
-1.207065939723
-1.213572700135
-1.203653652688
-1.208792619963
-1.206375365676
-1.207078047734
-1.204713956780
-1.209125427465
-1.205109572509
-1.214195921372
-1.199216433887
-1.206293370099
-1.207037463013
-1.214589299698
-1.198534061443
-1.197782995455
-1.209525920502
-1.212399881168
-1.208341043423
-1.211403061841
-1.211479970676
-1.207433640128
-1.201348739675
-1.200276910493
-1.201948892065
-1.205753761478
-1.202992630426
-1.204921441962
-1.202495397679
-1.210604647678
-1.207069209426
-1.206600218777
-1.201503975996
-1.204254646908
-1.199844224821
-1.206583401966
-1.205795259552
-1.206547312603
-1.207019527296
-1.201293571238
-1.205962578516
-1.208514541324
-1.204330949652
-1.204909860572
-1.198558314081
-1.203071073858
-1.213969654416
-1.210837600784
-1.196868792424
-1.204618101507
-1.206111309920
-1.202254366222
-1.209537762446
-1.198448608313
-1.212124499131
-1.206032044662
-1.203828999084
-1.213768165554
-1.206125941570
-1.205848189176
-1.198212333373
-1.208487035700
-1.205696230117
-1.210616774584
-1.199182022855
-1.211401949202
-1.211177769987
-1.204217964879
-1.206472154868
-1.207546156122
-1.204424726744
-1.199011611985
-1.203982711726
-1.198786045582
-1.209882358712
-1.204207717759
-1.207962433941
-1.217662271918
-1.207703830624
-1.203631508585
-1.208235854811
-1.209043903366
-1.203679798295
-1.215574831049
-1.207226223034
-1.204361355587
-1.204945891344
-1.208684767991
-1.204497812306
-1.203834628343
-1.204226270575
-1.202084252809
-1.207172915023
-1.215775733782
-1.203412924623
-1.203542276098
-1.206563381354
-1.205201167081
-1.206419798690
-1.207391272907
-1.208150156605
-1.211009901050
-1.208141161318
-1.202121438103
-1.204405269481
-1.204464512270
-1.211540447039
-1.206980768604
-1.212842535397
-1.206463598844
-1.208894623456
-1.205964655927
-1.205866092771
-1.214028352088
-1.209721382279
-1.203137912615
-1.205529943965
-1.213076106168
-1.211227573209
-1.202892493545
-1.204641435772
-1.200345262039
-1.207850844591
-1.206998598346
-1.208228384784
-1.212841333170
-1.205013536522
-1.203001355196
-1.210283144789
-1.203774999112
-1.202811284018
-1.205051567144
-1.205858248786
-1.201665009075
-1.200616580303
-1.206209965517
-1.213497926484
-1.211057048610
-1.213103039881
-1.202797543363
-1.208114575582
-1.205734714780
-1.207082445198
-1.210449614062
-1.207273713395
-1.206231295197
-1.207017704828
-1.211601566256
-1.206773652820
-1.204096405397
-1.208505419827
-1.208355276680
-1.199072920073
-1.207118128690
-1.215962598053
-1.210694086967
-1.210099023276
-1.209404080016
-1.207934637806
-1.211076031614
-1.202781880460
-1.210186672546
-1.207700751850
-1.203877825165
-1.212274561590
-1.205949838765
-1.208525510073
-1.203322748305
-1.200959169651
-1.205030569687
-1.205092582828
-1.203668852040
-1.213964047535
-1.196367977268
-1.200438678659
-1.208909084438
-1.205142890783
-1.210165725295
-1.207362951902
-1.206205739827
-1.210742610051
-1.200101677748
-1.205986098324
-1.202716092209
-1.207326251167
-1.201207838856
-1.210993643286
-1.213274398791
-1.204611755584
-1.202710519190
-1.207677111790
-1.202725853559
-1.213648582240
-1.207104219369
-1.207804901972
-1.204540475829
-1.210626169613
-1.206946265611
-1.205070233614
-1.203650718340
-1.206841105700
-1.209451011529
-1.207956996856
-1.205220576232
-1.206451397750
-1.202955552964
-1.201855351262
-1.205132036626
-1.203100816563
-1.209158663054
-1.207528141249
-1.205129761151
-1.201535630880
-1.206118374494
-1.203178686496
-1.201330988470
-1.209805348695
-1.206392694114
-1.211078624784
-1.197286438387
-1.203475053210
-1.201150868931
-1.208343724128
-1.206039778162
-1.210143639463
-1.207657557809
-1.204491155135
-1.217200463512
-1.208699305206
-1.199502165475
-1.207037907682
-1.204412547319
-1.205588436549
-1.206851023984
-1.211654329700
-1.199984250487
-1.210103825927
-1.206184544340
-1.205908226856
-1.207884739456
-1.208455163489
-1.206892776595
-1.209404729562
-1.200121873366
-1.205267226940
-1.207317320596
-1.205448198527
-1.198578526476
-1.206455179969
-1.205969116549
-1.210041188208
-1.205965916513
-1.208476820098
-1.209721473802
-1.204222160681
-1.206690354897
-1.208390553798
-1.207859159940
-1.211276726631
-1.202533384136
-1.208596382137
-1.205078729998
-1.200575999092
-1.204653978012
-1.208082161220
-1.208710048502
-1.204504258370
-1.206912102610
-1.203381236179
-1.208203051174
-1.207309537449
-1.203387100978
-1.203353535128
-1.202829116932
-1.203520728911
-1.206072917606
-1.206209319628
-1.200630583723
-1.205007199634
-1.200957558725
-1.209622037607
-1.207276646595
-1.207440787901
-1.203881927906
-1.202160077145
-1.204615904334
-1.204835954830
-1.206991208535
-1.209794955203
-1.205644537404
-1.197159982804
-1.204844173252
-1.206273243241
-1.202639246611
-1.207813869863
-1.201836913459
-1.205711825586
-1.203001686687
-1.204334959746
-1.204433645199
-1.205537123005
-1.200313035376
-1.206543200558
-1.202194808236
-1.202847841773
-1.210567378095
-1.206033154690
-1.199482667471
-1.208051019847
-1.205879064179
-1.209777564764
-1.210419406609
-1.208776720845
-1.202021386107
-1.206246641854
-1.210238792952
-1.200950524175
-1.203568166307
-1.208309210755
-1.204155144362
-1.200628369177
-1.201152530271
-1.211696240674
-1.203087689644
-1.210012081368
-1.198020766496
-1.205542372800
-1.209546949399
-1.203490956457
-1.206667126851
-1.201406837639
-1.209363684901
-1.216071829227
-1.203997245193
-1.208274305357
-1.202535195118
-1.204287531360
-1.206051763536
-1.208339647048
-1.204998837932
-1.210856999501
-1.208203815176
-1.207365736844
-1.202301009091
-1.205911460834
-1.212464681373
-1.207001053056
-1.206218677665
-1.212684068995
-1.201612586703
-1.206499199927
-1.208524637046
-1.206606059232
-1.207983030739
-1.205264395751
-1.209125133036
-1.209669771337
-1.206836157037
-1.204358475463
-1.205489296531
-1.208749843082
-1.202730040494
-1.208251230715
-1.208330575714
-1.207153411088
-1.202564051837
-1.208887405806
-1.203844089418
-1.204214774354
-1.205238012749
-1.201133459188
-1.210123754903
-1.207859567647
-1.199802922742
-1.208614006445
-1.203097713374
-1.204903904934
-1.207891225287
-1.204643252890
-1.211348891829
-1.208450086784
-1.209141430147
-1.202369653412
-1.201951967179
-1.203237806757
-1.207324330477
-1.210629071308
-1.210283378497
-1.202842892065
-1.209254751574
-1.201641569403
-1.209587828697
-1.199319945990
-1.207225827514
-1.208260581329
-1.210446287059
-1.206565334529
-1.200003591799
-1.200629033110
-1.203910838531
-1.206554011670
-1.208989197872
-1.208843192595
-1.203074321077
-1.209341608080
-1.204116604218
-1.208860981811
-1.201716804460
-1.204561396552
-1.206147241834
-1.204313981821
-1.201309343200
-1.200764499429
-1.204066985979
-1.207891211000
-1.202430472778
-1.203604302680
-1.208714202723
-1.206768647209
-1.209068590160
-1.215464076958
-1.201167426771
-1.209848745651
-1.201736253254
-1.208811964746
-1.203794764779
-1.203914405345
-1.208248692482
-1.210671636525
-1.207178214931
-1.211040316513
-1.205300696081
-1.200501080249
-1.205706744642
-1.207576683737
-1.207893201525
-1.211109688611
-1.211146943548
-1.204778657245
-1.202615164743
-1.200482968243
-1.207286542708
-1.212142390813
-1.205313006629
-1.203796665808
-1.205916435158
-1.207505228026
-1.212860984364
-1.208839527796
-1.215225503427
-1.209192156161
-1.199878585659
-1.208926699334
-1.204387747440
-1.203250915787
-1.204652343332
-1.203163706272
-1.209473002091
-1.203610551036
-1.200599632251
-1.203220838148
-1.208632144266
-1.201238131446
-1.208906339554
-1.205135652287
-1.206798097767
-1.207191177953
-1.208423191144
-1.205291550224
-1.206399321240
-1.204342986245
-1.211949845700
-1.201773312901
-1.205970375504
-1.202444786399
-1.202824561490
-1.210281868183
-1.204442678140
-1.198227031175
-1.208868509507
-1.203851345545
-1.210825641588
-1.206598477400
-1.206044145093
-1.208596662091
-1.202666347631
-1.206822665750
-1.203131968838
-1.200017797157
-1.203410016554
-1.204803414595
-1.205025278725
-1.207745577229
-1.199852458701
-1.213751998894
-1.203431815426
-1.205209932271
-1.202899669345
-1.201454571244
-1.204451766220
-1.206316456945
-1.206225832323
-1.201449259349
-1.210984173442
-1.207679051151
-1.208064692422
-1.200214878630
-1.209519657713
-1.207674762476
-1.208087785358
-1.205544930373
-1.206619292818
-1.204995032239
-1.212158204853
-1.209220541572
-1.206212497150
-1.210912012120
-1.202207671161
-1.206346784573
-1.207053911962
-1.201818213985
-1.202995255789
-1.201060379472
-1.208806083560
-1.205993092487
-1.211864257704
-1.204032256590
-1.206772637861
-1.205167856953
-1.205103717890
-1.205997082591
-1.211787410768
-1.205250905761
-1.203520387550
-1.208351629919
-1.206801889034
-1.202817724344
-1.201903695838
-1.208378781647
-1.211662339347
-1.205471830533
-1.208406553265
-1.205759159490
-1.211090598349
-1.208525370263
-1.204649033092
-1.205424227789
-1.207918659446
-1.200836034110
-1.199572717452
-1.207837724483
-1.208748045171
-1.209050839160
-1.207382617855
-1.211634369528
-1.208707749488
-1.204983383578
-1.208166845310
-1.208163784949
-1.208557640012
-1.210620485833
-1.210686271169
-1.206469769854
-1.204452615995
-1.199524113168
-1.206850668008
-1.204042636325
-1.202660250601
-1.207196516723
-1.205733619378
-1.209111993481
-1.206136284287
-1.208825925638
-1.203943285686
-1.206262277048
-1.204636013316
-1.203971983455
-1.205906583441
-1.210973342982
-1.207870108711
-1.208391394523
-1.203640299734
-1.204820125279
-1.203489426566
-1.206996988281
-1.205517692162
-1.206560613890
-1.205335249591
-1.204772796254
-1.205122695807
-1.201651787230
-1.206593608124
-1.203590239538
-1.209989565984
-1.209312125258
-1.207423176167
-1.206868614670
-1.208262665657
-1.207907712351
-1.212238780236
-1.203848353273
-1.207143081164
-1.211902479797
-1.210478709403
-1.203171311330
-1.208661196600
-1.199590700723
-1.207802707011
-1.211669415397
-1.211084721990
-1.204415081685
-1.202710094046
-1.208989053932
-1.205409098813
-1.206604885603
-1.209976360286
-1.203639944124
-1.207574539571
-1.204045782302
-1.205675780110
-1.209059791209
-1.209186261838
-1.204733484033
-1.207092778055
-1.207990580811
-1.206647000194
-1.209895123494
-1.209829327863
-1.211426434518
-1.208061115770
-1.208838474120
-1.207838347450
-1.199064892950
-1.209651745530
-1.207428384558
-1.207379181061
-1.202560078916
-1.206827523945
-1.201576774231
-1.203250860011
-1.200880870263
-1.203684852173
-1.204912853443
-1.209856666587
-1.208957305644
-1.206256034117
-1.205870174919
-1.199797991375
-1.205252125818
-1.212220032725
-1.203974376853
-1.201529213051
-1.207561532432
-1.208551603403
-1.210538461991
-1.205154146045
-1.207485619392
-1.205413092358
-1.208169326108
-1.201849180538
-1.205643634382
-1.201298285683
-1.203039198889
-1.211965061626
-1.208450694186
-1.207593065648
-1.209254513806
-1.204954483291
-1.203234635208
-1.205331112443
-1.207110011837
-1.209252408400
-1.208393960761
-1.203316524352
-1.203411501206
-1.203843467036
-1.203452250033
-1.203268069307
-1.208763963001
-1.207995108885
-1.205335047479
-1.200645396121
-1.210494255578
-1.208331206005
-1.207662863530
-1.200057821722
-1.207153347306
-1.209411859802
-1.211566719758
-1.206735236761
-1.209101662104
-1.209639342676
-1.211533378963
-1.203663306171
-1.210641341401
-1.207750571869
-1.207371160386
-1.201557654377
-1.203511933420
-1.208006473574
-1.210278918719
-1.208306587073
-1.202029710994
-1.210228519286
-1.210403141832
-1.202809413053
-1.206141799808
-1.210713203900
-1.206983178467
-1.202814978357
-1.211135524631
-1.201577192382
-1.206368483783
-1.204851410091
-1.201855403139
-1.205416216128
-1.205379783303
-1.209499867095
-1.204142833846
-1.208247332312
-1.203184356880
-1.201751400726
-1.206456962421
-1.207282729831
-1.200720110869
-1.206999440307
-1.208122137732
-1.205204198489
-1.204275436388
-1.210764443884
-1.210727101927
-1.208963702674
-1.209516173182
-1.207323709500
-1.201962998312
-1.207378320797
-1.210400251035
-1.203499538818
-1.205964066839
-1.208272456625
-1.208784660971
-1.209761052104
-1.205037778163
-1.213667743227
-1.214797795687
-1.212092749430
-1.201303858119
-1.201621888033
-1.202915391820
-1.208030432942
-1.204141766319
-1.213502182352
-1.203466930526
-1.204561425336
-1.206809250474
-1.205737531907
-1.208632989173
-1.202880290940
-1.208005862095
-1.210121520287
-1.209411451120
-1.205403304186
-1.203223981846
-1.202065870573
-1.202293563380
-1.203243701664
-1.210460274921
-1.208026116196
-1.198691399036
-1.208156214438
-1.208887691457
-1.206846716789
-1.204509818022
-1.205618796797
-1.206133377683
-1.201730991301
-1.212631427936
-1.204715989132
-1.206517934168
-1.203567659233
-1.205982931396
-1.202756367745
-1.208296885769
-1.210102816941
-1.203805066743
-1.201252848059
-1.209687381523
-1.204049404489
-1.203511762638
-1.205584688981
-1.203836267091
-1.207913679483
-1.210425122539
-1.204645479319
-1.204145228431
-1.207009607630
-1.210038365866
-1.208576359472
-1.203378856960
-1.206254300330
-1.213264098141
-1.204120351108
-1.205381301180
-1.200336311709
-1.204733548647
-1.207101596043
-1.208963612268
-1.203799186141
-1.209619805294
-1.204244367154
-1.206180009502
-1.209679012383
-1.208705948873
-1.208949003905
-1.208774354972
-1.205931392777
-1.206283735220
-1.206758529985
-1.204983124548
-1.206877509794
-1.202212545985
-1.208529889054
-1.205534015909
-1.199733386353
-1.208653903621
-1.210854820336
-1.208254741892
-1.207365788938
-1.208070637601
-1.202059821783
-1.207108998602
-1.207669923991
