0.261843444524
0.106459271605
0.058233686866
0.036809089418
0.025393011046
0.018582457153
0.014190957975
0.011193105186
0.009055165386
0.007476750956
0.006278176073
0.005346558309
0.004608065875
0.004012749801
0.003525833703
0.003122498355
0.002784645002
0.002498823352
0.002254868585
0.002044982993
0.001863103814
0.001704459676
0.001565253954
0.001442435154
0.001333528037
0.001236507766
0.001149705001
0.001071733538
0.001001434564
0.000937833317
0.000880105081
0.000827548297
0.000779563132
0.000735634278
0.000695317045
0.000658226063
0.000624026026
0.000592424092
0.000563163583
0.000536018755
0.000510790434
0.000487302345
0.000465398023
0.000444938206
0.000425798607
0.000407868026
0.000391046731
0.000375245065
0.000360382249
0.000346385352
0.000333188386
0.000320731533
0.000308960466
0.000297825749
0.000287282326
0.000277289057
0.000267808319
0.000258805652
0.000250249444
0.000242110653
0.000234362562
0.000226980556
0.000219941929
0.000213225711
0.000206812505
0.000200684355
0.000194824611
0.000189217826
0.000183849645
0.000178706719
0.000173776618
0.000169047761
0.000164509339
0.000160151264
0.000155964105
0.000151939039
0.000148067807
0.000144342668
0.000140756362
0.000137302074
0.000133973404
0.000130764333
0.000127669199
0.000124682672
0.000121799729
0.000119015635
0.000116325921
0.000113726370
0.000111212995
0.000108782030
0.000106429910
0.000104153262
0.000101948892
0.000099813772
0.000097745032
0.000095739947
0.000093795934
0.000091910536
0.000090081420
0.000088306369
0.000086583273
0.000084910123
0.000083285008
0.000081706106
0.000080171682
0.000078680080
0.000077229722
0.000075819101
0.000074446779
0.000073111381
0.000071811595
0.000070546165
0.000069313892
0.000068113627
0.000066944270
0.000065804770
0.000064694120
0.000063611352
0.000062555542
0.000061525802
0.000060521280
0.000059541161
0.000058584660
0.000057651023
0.000056739529
0.000055849482
0.000054980215
0.000054131086
0.000053301477
0.000052490795
0.000051698469
0.000050923948
0.000050166703
0.000049426224
0.000048702020
0.000047993616
0.000047300558
0.000046622404
0.000045958731
0.000045309128
0.000044673202
0.000044050571
0.000043440866
0.000042843733
0.000042258828
0.000041685820
0.000041124388
0.000040574222
0.000040035023
0.000039506502
0.000038988378
0.000038480380
0.000037982246
0.000037493723
0.000037014564
0.000036544533
0.000036083398
0.000035630937
0.000035186933
0.000034751177
0.000034323466
0.000033903602
0.000033491396
0.000033086663
0.000032689221
0.000032298898
0.000031915525
0.000031538937
0.000031168975
0.000030805485
0.000030448317
0.000030097324
0.000029752366
0.000029413305
0.000029080007
0.000028752342
0.000028430184
0.000028113410
0.000027801902
0.000027495542
0.000027194219
0.000026897822
0.000026606244
0.000026319382
0.000026037134
0.000025759403
0.000025486091
0.000025217107
0.000024952358
0.000024691757
0.000024435218
0.000024182655
0.000023933989
0.000023689138
0.000023448025
0.000023210575
0.000022976714
0.000022746369
0.000022519471
0.000022295952
0.000022075743
0.000021858781
0.000021645002
0.000021434344
0.000021226746
0.000021022149
0.000020820497
0.000020621732
0.000020425800
0.000020232647
0.000020042221
0.000019854470
0.000019669346
0.000019486799
0.000019306781
0.000019129246
0.000018954149
0.000018781445
0.000018611091
0.000018443044
0.000018277263
0.000018113707
0.000017952337
0.000017793114
0.000017635999
0.000017480957
0.000017327950
0.000017176943
0.000017027901
0.000016880791
0.000016735580
0.000016592233
0.000016450721
0.000016311012
0.000016173074
0.000016036879
0.000015902397
0.000015769600
0.000015638459
0.000015508948
0.000015381038
0.000015254705
0.000015129921
0.000015006663
0.000014884904
0.000014764622
0.000014645791
0.000014528390
0.000014412394
0.000014297782
0.000014184532
0.000014072622
0.000013962031
0.000013852739
0.000013744725
0.000013637969
0.000013532452
0.000013428156
0.000013325060
0.000013223147
0.000013122399
0.000013022798
0.000012924326
0.000012826967
0.000012730705
0.000012635521
0.000012541402
0.000012448330
0.000012356290
0.000012265267
0.000012175247
0.000012086213
0.000011998153
0.000011911052
0.000011824896
0.000011739671
0.000011655364
0.000011571962
0.000011489453
0.000011407822
0.000011327059
0.000011247150
0.000011168083
0.000011089848
0.000011012431
0.000010935823
0.000010860011
0.000010784985
0.000010710733
0.000010637246
0.000010564513
0.000010492523
0.000010421266
0.000010350732
0.000010280913
0.000010211797
0.000010143376
0.000010075641
0.000010008581
0.000009942189
0.000009876455
0.000009811372
0.000009746929
0.000009683119
0.000009619934
0.000009557365
0.000009495404
0.000009434045
0.000009373278
0.000009313096
0.000009253492
0.000009194458
0.000009135988
0.000009078073
0.000009020708
0.000008963884
0.000008907596
0.000008851836
0.000008796598
0.000008741876
0.000008687663
0.000008633952
0.000008580738
0.000008528015
0.000008475775
0.000008424015
0.000008372727
0.000008321906
0.000008271546
0.000008221643
0.000008172189
0.000008123180
0.000008074611
0.000008026476
0.000007978770
0.000007931489
0.000007884626
0.000007838177
0.000007792138
0.000007746503
0.000007701268
0.000007656428
0.000007611978
0.000007567915
0.000007524232
0.000007480927
0.000007437995
0.000007395431
0.000007353232
0.000007311393
0.000007269910
0.000007228778
0.000007187995
0.000007147557
0.000007107458
0.000007067696
0.000007028267
0.000006989166
0.000006950391
0.000006911938
0.000006873803
0.000006835983
0.000006798474
0.000006761273
0.000006724377
0.000006687781
0.000006651484
0.000006615481
0.000006579770
0.000006544347
0.000006509210
0.000006474354
0.000006439778
0.000006405479
0.000006371452
0.000006337696
0.000006304207
0.000006270984
0.000006238022
0.000006205319
0.000006172873
0.000006140681
0.000006108739
0.000006077047
0.000006045600
0.000006014397
0.000005983435
0.000005952711
0.000005922223
0.000005891969
0.000005861946
0.000005832153
0.000005802585
0.000005773242
0.000005744121
0.000005715220
0.000005686536
0.000005658068
0.000005629813
0.000005601769
0.000005573934
0.000005546306
0.000005518883
0.000005491663
0.000005464643
0.000005437823
0.000005411199
0.000005384771
0.000005358536
0.000005332492
0.000005306637
0.000005280970
0.000005255489
0.000005230192
0.000005205077
0.000005180142
0.000005155387
0.000005130808
0.000005106404
0.000005082175
0.000005058117
0.000005034230
0.000005010511
0.000004986960
0.000004963575
0.000004940353
0.000004917294
0.000004894397
0.000004871658
0.000004849078
0.000004826655
0.000004804386
0.000004782272
0.000004760310
0.000004738498
0.000004716836
0.000004695323
0.000004673956
0.000004652735
0.000004631658
0.000004610724
0.000004589932
0.000004569279
0.000004548766
0.000004528391
0.000004508152
0.000004488049
0.000004468080
0.000004448244
0.000004428540
0.000004408966
0.000004389522
0.000004370206
0.000004351017
0.000004331955
0.000004313017
0.000004294204
0.000004275513
0.000004256944
0.000004238495
0.000004220167
0.000004201957
0.000004183864
0.000004165889
0.000004148028
0.000004130283
0.000004112651
0.000004095132
0.000004077724
0.000004060427
0.000004043240
0.000004026162
0.000004009192
0.000003992329
0.000003975572
0.000003958920
0.000003942373
0.000003925929
0.000003909588
0.000003893349
0.000003877211
0.000003861173
0.000003845234
0.000003829393
0.000003813651
0.000003798005
0.000003782455
0.000003767001
0.000003751641
0.000003736375
0.000003721202
0.000003706121
0.000003691132
0.000003676233
0.000003661424
0.000003646705
0.000003632074
0.000003617532
0.000003603076
0.000003588707
0.000003574423
0.000003560225
0.000003546111
0.000003532081
0.000003518134
0.000003504269
0.000003490486
0.000003476785
0.000003463164
0.000003449623
0.000003436161
0.000003422777
0.000003409472
0.000003396244
0.000003383093
0.000003370018
0.000003357019
0.000003344095
0.000003331246
0.000003318470
0.000003305768
0.000003293138
0.000003280581
0.000003268095
0.000003255681
0.000003243337
0.000003231063
0.000003218859
0.000003206724
0.000003194657
0.000003182659
0.000003170727
0.000003158863
0.000003147065
0.000003135333
0.000003123667
0.000003112066
0.000003100529
0.000003089056
0.000003077647
0.000003066300
0.000003055017
0.000003043796
0.000003032636
0.000003021537
0.000003010500
0.000002999523
0.000002988605
0.000002977748
0.000002966949
0.000002956209
0.000002945527
0.000002934903
0.000002924336
0.000002913826
0.000002903373
0.000002892976
0.000002882635
0.000002872349
0.000002862118
0.000002851941
0.000002841819
0.000002831751
0.000002821736
0.000002811774
0.000002801864
0.000002792007
0.000002782202
0.000002772449
0.000002762746
0.000002753095
0.000002743494
0.000002733943
0.000002724442
0.000002714990
0.000002705587
0.000002696234
0.000002686928
0.000002677671
0.000002668461
0.000002659299
0.000002650184
0.000002641116
0.000002632094
0.000002623119
0.000002614189
0.000002605305
0.000002596466
0.000002587671
0.000002578922
0.000002570217
0.000002561555
0.000002552938
0.000002544364
0.000002535833
0.000002527345
0.000002518899
0.000002510496
0.000002502134
0.000002493815
0.000002485537
0.000002477299
0.000002469103
0.000002460948
0.000002452832
0.000002444757
0.000002436722
0.000002428726
0.000002420770
0.000002412852
0.000002404973
0.000002397133
0.000002389331
0.000002381567
0.000002373841
0.000002366153
0.000002358501
0.000002350887
0.000002343310
0.000002335769
0.000002328265
0.000002320796
0.000002313364
0.000002305967
0.000002298605
0.000002291279
0.000002283988
0.000002276731
0.000002269509
0.000002262322
0.000002255168
0.000002248048
0.000002240962
0.000002233910
0.000002226890
0.000002219904
0.000002212951
0.000002206030
0.000002199141
0.000002192285
0.000002185461
0.000002178668
0.000002171907
0.000002165178
0.000002158480
0.000002151813
0.000002145177
0.000002138571
0.000002131996
0.000002125451
0.000002118936
0.000002112451
0.000002105996
0.000002099570
0.000002093174
0.000002086807
0.000002080469
0.000002074160
0.000002067879
0.000002061627
0.000002055403
0.000002049208
0.000002043040
0.000002036900
0.000002030788
0.000002024703
0.000002018646
0.000002012615
0.000002006612
0.000002000635
0.000001994686
0.000001988762
0.000001982865
0.000001976994
0.000001971150
0.000001965331
0.000001959538
0.000001953770
0.000001948028
0.000001942311
0.000001936619
0.000001930952
0.000001925311
0.000001919693
0.000001914101
0.000001908532
0.000001902988
0.000001897468
0.000001891972
0.000001886500
0.000001881052
0.000001875627
0.000001870226
0.000001864848
0.000001859493
0.000001854161
0.000001848852
0.000001843566
0.000001838302
0.000001833061
0.000001827842
0.000001822646
0.000001817472
0.000001812319
0.000001807189
0.000001802080
0.000001796993
0.000001791928
0.000001786884
0.000001781861
0.000001776859
0.000001771878
0.000001766919
0.000001761980
0.000001757061
0.000001752164
0.000001747286
0.000001742429
0.000001737593
0.000001732776
0.000001727979
0.000001723203
0.000001718446
0.000001713708
0.000001708991
0.000001704292
0.000001699614
0.000001694954
0.000001690313
0.000001685692
0.000001681089
0.000001676505
0.000001671940
0.000001667394
0.000001662866
0.000001658357
0.000001653866
0.000001649393
0.000001644938
0.000001640501
0.000001636082
0.000001631681
0.000001627298
0.000001622932
0.000001618584
0.000001614253
0.000001609940
0.000001605644
0.000001601365
0.000001597103
0.000001592859
0.000001588631
0.000001584420
0.000001580225
0.000001576048
0.000001571886
0.000001567742
0.000001563613
0.000001559501
0.000001555405
0.000001551326
0.000001547262
0.000001543214
0.000001539182
0.000001535166
0.000001531166
0.000001527181
0.000001523211
0.000001519258
0.000001515319
0.000001511396
0.000001507488
0.000001503595
0.000001499718
0.000001495855
0.000001492007
0.000001488174
0.000001484356
0.000001480552
0.000001476763
0.000001472989
0.000001469229
0.000001465483
0.000001461752
0.000001458034
0.000001454331
0.000001450643
0.000001446968
0.000001443307
0.000001439660
0.000001436027
0.000001432407
0.000001428801
0.000001425209
0.000001421630
0.000001418065
0.000001414513
0.000001410975
0.000001407450
0.000001403938
0.000001400439
0.000001396953
0.000001393480
0.000001390020
0.000001386573
0.000001383139
0.000001379717
0.000001376309
0.000001372912
0.000001369529
0.000001366158
0.000001362799
0.000001359453
0.000001356118
0.000001352797
0.000001349487
0.000001346190
0.000001342904
0.000001339631
0.000001336369
0.000001333120
0.000001329882
0.000001326656
0.000001323442
0.000001320240
0.000001317049
0.000001313869
0.000001310701
0.000001307545
0.000001304400
0.000001301266
0.000001298144
0.000001295033
0.000001291933
0.000001288844
0.000001285766
0.000001282699
0.000001279643
0.000001276598
0.000001273564
0.000001270541
0.000001267528
0.000001264526
0.000001261535
0.000001258555
0.000001255585
0.000001252625
0.000001249676
0.000001246737
0.000001243809
0.000001240891
0.000001237983
0.000001235086
0.000001232198
0.000001229321
0.000001226454
0.000001223597
0.000001220749
0.000001217912
0.000001215085
0.000001212267
0.000001209459
0.000001206661
0.000001203873
0.000001201094
0.000001198325
0.000001195565
0.000001192815
0.000001190075
0.000001187344
0.000001184622
0.000001181910
0.000001179207
0.000001176513
0.000001173828
0.000001171153
0.000001168487
0.000001165830
0.000001163181
0.000001160542
0.000001157912
0.000001155291
0.000001152679
0.000001150075
0.000001147481
0.000001144895
0.000001142318
0.000001139749
0.000001137189
0.000001134638
0.000001132096
0.000001129561
0.000001127036
0.000001124519
0.000001122010
0.000001119510
0.000001117018
0.000001114534
0.000001112059
0.000001109592
0.000001107133
0.000001104682
0.000001102239
0.000001099805
0.000001097378
0.000001094960
0.000001092549
0.000001090147
0.000001087752
0.000001085366
0.000001082987
0.000001080616
0.000001078252
0.000001075897
0.000001073549
0.000001071209
0.000001068876
0.000001066551
0.000001064234
0.000001061924
0.000001059622
0.000001057327
0.000001055040
0.000001052760
0.000001050487
0.000001048222
0.000001045964
0.000001043714
0.000001041470
0.000001039234
0.000001037005
0.000001034783
0.000001032569
0.000001030361
0.000001028161
0.000001025967
0.000001023781
0.000001021602
0.000001019429
0.000001017264
0.000001015105
0.000001012953
0.000001010808
0.000001008670
0.000001006539
0.000001004414
0.000001002296
0.000001000185
0.000000998080
0.000000995983
0.000000993891
0.000000991807
0.000000989728
0.000000987657
0.000000985592
0.000000983533
0.000000981481
0.000000979435
0.000000977395
0.000000975362
0.000000973336
0.000000971315
0.000000969301
0.000000967293
0.000000965292
0.000000963296
0.000000961307
0.000000959324
0.000000957347
0.000000955376
0.000000953411
0.000000951452
0.000000949500
0.000000947553
0.000000945612
0.000000943678
0.000000941749
0.000000939826
0.000000937909
0.000000935998
0.000000934092
0.000000932193
0.000000930299
0.000000928411
0.000000926529
0.000000924652
0.000000922781
0.000000920916
0.000000919057
0.000000917203
0.000000915355
0.000000913512
0.000000911675
0.000000909843
0.000000908017
0.000000906197
0.000000904381
0.000000902572
0.000000900768
0.000000898969
0.000000897175
0.000000895387
0.000000893604
0.000000891827
0.000000890055
0.000000888288
0.000000886526
0.000000884770
0.000000883019
0.000000881273
0.000000879532
0.000000877796
0.000000876066
0.000000874341
0.000000872620
0.000000870905
0.000000869195
0.000000867490
0.000000865790
0.000000864094
0.000000862404
0.000000860719
0.000000859039
0.000000857363
0.000000855693
0.000000854027
0.000000852367
0.000000850711
0.000000849060
0.000000847414
0.000000845772
0.000000844135
0.000000842503
0.000000840876
0.000000839254
0.000000837636
0.000000836023
0.000000834414
0.000000832810
0.000000831211
0.000000829616
0.000000828026
0.000000826441
0.000000824860
0.000000823283
0.000000821711
0.000000820144
0.000000818581
0.000000817023
0.000000815469
0.000000813919
0.000000812374
0.000000810833
0.000000809297
0.000000807765
0.000000806237
0.000000804714
0.000000803195
0.000000801680
0.000000800169
0.000000798663
0.000000797161
0.000000795664
0.000000794170
0.000000792681
0.000000791196
0.000000789715
0.000000788238
0.000000786765
0.000000785297
0.000000783832
0.000000782372
0.000000780916
0.000000779463
0.000000778015
0.000000776571
0.000000775131
0.000000773695
0.000000772263
0.000000770835
0.000000769411
0.000000767990
0.000000766574
0.000000765162
0.000000763753
0.000000762349
0.000000760948
0.000000759551
0.000000758158
0.000000756769
0.000000755383
0.000000754002
0.000000752624
0.000000751250
0.000000749880
0.000000748513
0.000000747150
0.000000745791
0.000000744436
0.000000743084
0.000000741736
0.000000740392
0.000000739051
0.000000737714
0.000000736381
0.000000735051
0.000000733725
0.000000732402
0.000000731083
0.000000729768
0.000000728456
0.000000727147
0.000000725842
0.000000724541
0.000000723243
0.000000721949
0.000000720658
0.000000719370
0.000000718086
0.000000716806
0.000000715529
0.000000714255
0.000000712984
0.000000711717
0.000000710454
0.000000709194
0.000000707937
0.000000706683
0.000000705433
0.000000704186
0.000000702943
0.000000701702
0.000000700465
0.000000699231
0.000000698001
0.000000696774
0.000000695550
0.000000694329
0.000000693111
0.000000691897
0.000000690686
0.000000689478
0.000000688273
0.000000687071
0.000000685873
0.000000684677
0.000000683485
0.000000682296
0.000000681110
0.000000679927
0.000000678747
0.000000677570
0.000000676396
0.000000675225
0.000000674058
0.000000672893
0.000000671731
0.000000670573
0.000000669417
0.000000668264
0.000000667115
0.000000665968
0.000000664824
0.000000663683
0.000000662545
0.000000661410
0.000000660278
0.000000659149
0.000000658023
0.000000656899
0.000000655779
0.000000654661
0.000000653546
0.000000652435
0.000000651325
0.000000650219
0.000000649116
0.000000648015
0.000000646917
0.000000645822
0.000000644730
0.000000643640
0.000000642553
0.000000641469
0.000000640388
0.000000639310
0.000000638234
0.000000637161
0.000000636090
0.000000635023
0.000000633958
0.000000632895
0.000000631835
0.000000630778
0.000000629724
0.000000628672
0.000000627623
0.000000626577
0.000000625533
0.000000624492
0.000000623453
0.000000622417
0.000000621383
0.000000620353
0.000000619324
0.000000618298
0.000000617275
0.000000616254
0.000000615236
0.000000614221
0.000000613207
0.000000612197
0.000000611189
0.000000610183
0.000000609180
0.000000608179
0.000000607181
0.000000606185
0.000000605192
0.000000604201
0.000000603212
0.000000602226
0.000000601243
0.000000600261
0.000000599283
0.000000598306
0.000000597332
0.000000596361
0.000000595391
0.000000594424
0.000000593460
0.000000592497
0.000000591538
0.000000590580
0.000000589625
0.000000588672
0.000000587721
0.000000586773
0.000000585827
0.000000584883
0.000000583942
0.000000583002
0.000000582066
0.000000581131
0.000000580198
0.000000579268
0.000000578340
0.000000577415
0.000000576491
0.000000575570
0.000000574651
0.000000573734
0.000000572819
0.000000571907
0.000000570996
0.000000570088
0.000000569182
0.000000568278
0.000000567377
0.000000566477
0.000000565580
0.000000564685
0.000000563791
0.000000562900
0.000000562012
0.000000561125
0.000000560240
0.000000559357
0.000000558477
0.000000557598
0.000000556722
0.000000555848
0.000000554975
0.000000554105
0.000000553237
0.000000552371
0.000000551507
0.000000550645
0.000000549785
0.000000548927
0.000000548071
0.000000547217
0.000000546365
0.000000545515
0.000000544667
0.000000543820
0.000000542976
0.000000542134
0.000000541294
0.000000540456
0.000000539619
0.000000538785
0.000000537953
0.000000537122
0.000000536294
0.000000535467
0.000000534642
0.000000533819
0.000000532998
0.000000532179
0.000000531362
0.000000530547
0.000000529734
0.000000528922
0.000000528112
0.000000527304
0.000000526499
0.000000525694
0.000000524892
0.000000524092
0.000000523293
0.000000522496
0.000000521701
0.000000520908
0.000000520117
0.000000519327
0.000000518539
0.000000517754
0.000000516969
0.000000516187
0.000000515406
0.000000514627
0.000000513850
0.000000513075
0.000000512301
0.000000511530
0.000000510760
0.000000509991
0.000000509225
0.000000508460
0.000000507697
0.000000506935
0.000000506175
0.000000505417
0.000000504661
0.000000503906
0.000000503153
0.000000502402
0.000000501653
0.000000500905
0.000000500158
0.000000499414
0.000000498671
0.000000497930
0.000000497190
0.000000496452
0.000000495716
0.000000494981
0.000000494248
0.000000493517
0.000000492787
0.000000492059
0.000000491332
0.000000490607
0.000000489884
0.000000489162
0.000000488442
0.000000487724
0.000000487007
0.000000486291
0.000000485577
0.000000484865
0.000000484154
0.000000483445
0.000000482738
0.000000482032
0.000000481327
0.000000480624
0.000000479923
0.000000479223
0.000000478525
0.000000477828
0.000000477133
0.000000476439
0.000000475747
0.000000475056
0.000000474367
0.000000473679
0.000000472993
0.000000472308
0.000000471625
0.000000470943
0.000000470263
0.000000469584
0.000000468906
0.000000468231
0.000000467556
0.000000466883
0.000000466212
0.000000465541
0.000000464873
0.000000464206
0.000000463540
0.000000462876
0.000000462213
0.000000461551
0.000000460891
0.000000460232
0.000000459575
0.000000458919
0.000000458265
0.000000457612
0.000000456960
0.000000456310
0.000000455661
0.000000455014
0.000000454368
0.000000453723
0.000000453079
0.000000452437
0.000000451797
0.000000451158
0.000000450520
0.000000449883
0.000000449248
0.000000448614
0.000000447982
0.000000447350
0.000000446721
0.000000446092
0.000000445465
0.000000444839
0.000000444214
0.000000443591
0.000000442969
0.000000442349
0.000000441729
0.000000441111
0.000000440495
0.000000439879
0.000000439265
0.000000438652
0.000000438041
0.000000437430
0.000000436821
0.000000436213
0.000000435607
0.000000435002
0.000000434398
0.000000433795
0.000000433194
0.000000432593
0.000000431995
0.000000431397
0.000000430800
0.000000430205
0.000000429611
0.000000429018
0.000000428427
0.000000427836
0.000000427247
0.000000426659
0.000000426073
0.000000425487
0.000000424903
0.000000424320
0.000000423738
0.000000423157
0.000000422578
0.000000422000
0.000000421423
0.000000420847
0.000000420272
0.000000419698
0.000000419126
0.000000418555
0.000000417985
0.000000417416
0.000000416848
0.000000416282
0.000000415716
0.000000415152
0.000000414589
0.000000414027
0.000000413466
0.000000412906
0.000000412348
0.000000411790
0.000000411234
0.000000410679
0.000000410125
0.000000409572
0.000000409020
0.000000408470
0.000000407920
0.000000407372
0.000000406824
0.000000406278
0.000000405733
0.000000405189
0.000000404646
0.000000404104
0.000000403563
0.000000403023
0.000000402485
0.000000401947
0.000000401411
0.000000400875
0.000000400341
0.000000399808
0.000000399276
0.000000398744
0.000000398214
0.000000397685
0.000000397157
0.000000396630
0.000000396105
0.000000395580
0.000000395056
0.000000394533
0.000000394012
0.000000393491
0.000000392971
0.000000392453
0.000000391935
0.000000391419
0.000000390903
0.000000390389
0.000000389875
0.000000389363
0.000000388851
0.000000388341
0.000000387831
0.000000387323
0.000000386815
0.000000386309
0.000000385803
0.000000385299
0.000000384795
0.000000384293
0.000000383791
0.000000383291
0.000000382791
0.000000382293
0.000000381795
0.000000381298
0.000000380803
0.000000380308
0.000000379814
0.000000379321
0.000000378830
0.000000378339
0.000000377849
0.000000377360
0.000000376872
0.000000376385
0.000000375899
0.000000375413
0.000000374929
0.000000374446
0.000000373963
0.000000373482
0.000000373001
0.000000372522
0.000000372043
0.000000371565
0.000000371089
0.000000370613
0.000000370138
0.000000369664
0.000000369191
0.000000368718
0.000000368247
0.000000367776
0.000000367307
0.000000366838
0.000000366370
0.000000365904
0.000000365438
0.000000364973
0.000000364508
0.000000364045
0.000000363583
0.000000363121
0.000000362660
0.000000362201
0.000000361742
0.000000361284
0.000000360826
0.000000360370
0.000000359915
0.000000359460
0.000000359006
0.000000358554
0.000000358102
0.000000357650
0.000000357200
0.000000356751
0.000000356302
0.000000355854
0.000000355407
0.000000354961
0.000000354516
0.000000354072
0.000000353628
0.000000353185
0.000000352744
0.000000352302
0.000000351862
0.000000351423
0.000000350984
0.000000350546
0.000000350109
0.000000349673
0.000000349238
0.000000348804
0.000000348370
0.000000347937
0.000000347505
0.000000347074
0.000000346643
0.000000346213
0.000000345785
0.000000345356
0.000000344929
0.000000344503
0.000000344077
0.000000343652
0.000000343228
0.000000342805
0.000000342382
0.000000341960
0.000000341539
0.000000341119
0.000000340700
0.000000340281
0.000000339863
0.000000339446
0.000000339029
0.000000338614
0.000000338199
0.000000337785
0.000000337372
0.000000336959
0.000000336547
0.000000336136
0.000000335726
0.000000335316
0.000000334908
0.000000334499
0.000000334092
0.000000333686
0.000000333280
0.000000332875
0.000000332470
0.000000332067
0.000000331664
0.000000331262
0.000000330860
0.000000330460
0.000000330060
0.000000329660
0.000000329262
0.000000328864
0.000000328467
0.000000328071
0.000000327675
0.000000327280
0.000000326886
0.000000326493
0.000000326100
0.000000325708
0.000000325316
0.000000324926
0.000000324536
0.000000324147
0.000000323758
0.000000323370
0.000000322983
0.000000322597
0.000000322211
0.000000321826
0.000000321441
0.000000321058
0.000000320675
0.000000320292
0.000000319911
0.000000319530
0.000000319149
0.000000318770
0.000000318391
0.000000318013
0.000000317635
0.000000317258
0.000000316882
0.000000316506
0.000000316131
0.000000315757
0.000000315384
0.000000315011
0.000000314639
0.000000314267
0.000000313896
0.000000313526
0.000000313156
0.000000312787
0.000000312419
0.000000312051
0.000000311684
0.000000311318
0.000000310952
0.000000310587
0.000000310223
0.000000309859
0.000000309496
0.000000309133
0.000000308771
0.000000308410
0.000000308049
0.000000307689
0.000000307330
0.000000306971
0.000000306613
0.000000306256
0.000000305899
0.000000305543
0.000000305187
0.000000304832
0.000000304478
0.000000304124
0.000000303771
0.000000303418
0.000000303067
0.000000302715
0.000000302365
0.000000302015
0.000000301665
0.000000301316
0.000000300968
0.000000300620
0.000000300273
0.000000299927
0.000000299581
0.000000299236
0.000000298891
0.000000298547
0.000000298204
0.000000297861
0.000000297519
0.000000297177
0.000000296836
0.000000296495
0.000000296155
0.000000295816
0.000000295477
0.000000295139
0.000000294802
0.000000294465
0.000000294128
0.000000293792
0.000000293457
0.000000293122
0.000000292788
0.000000292455
0.000000292122
0.000000291789
0.000000291457
0.000000291126
0.000000290795
0.000000290465
0.000000290135
0.000000289806
0.000000289478
0.000000289150
0.000000288823
0.000000288496
0.000000288170
0.000000287844
0.000000287519
0.000000287194
0.000000286870
0.000000286546
0.000000286224
0.000000285901
0.000000285579
0.000000285258
0.000000284937
0.000000284617
0.000000284297
0.000000283978
0.000000283659
0.000000283341
0.000000283024
0.000000282707
0.000000282390
0.000000282074
0.000000281759
0.000000281444
0.000000281130
0.000000280816
0.000000280502
0.000000280190
0.000000279877
0.000000279566
0.000000279254
0.000000278944
0.000000278633
0.000000278324
0.000000278015
0.000000277706
0.000000277398
0.000000277090
0.000000276783
0.000000276476
0.000000276170
0.000000275865
0.000000275560
0.000000275255
0.000000274951
0.000000274648
0.000000274344
0.000000274042
0.000000273740
0.000000273438
0.000000273137
0.000000272837
0.000000272537
0.000000272237
0.000000271938
0.000000271639
0.000000271341
0.000000271044
0.000000270747
0.000000270450
0.000000270154
0.000000269858
0.000000269563
0.000000269268
0.000000268974
0.000000268680
0.000000268387
0.000000268094
0.000000267802
0.000000267510
0.000000267219
0.000000266928
0.000000266638
0.000000266348
0.000000266058
0.000000265769
0.000000265481
0.000000265193
0.000000264905
0.000000264618
0.000000264332
0.000000264046
0.000000263760
0.000000263475
0.000000263190
0.000000262906
0.000000262622
0.000000262338
0.000000262055
0.000000261773
0.000000261491
0.000000261209
0.000000260928
0.000000260648
0.000000260367
0.000000260088
0.000000259808
0.000000259530
0.000000259251
0.000000258973
0.000000258696
0.000000258419
0.000000258142
0.000000257866
0.000000257590
0.000000257315
0.000000257040
0.000000256766
0.000000256492
0.000000256218
0.000000255945
0.000000255673
0.000000255400
0.000000255129
0.000000254857
0.000000254586
0.000000254316
0.000000254046
0.000000253776
0.000000253507
0.000000253238
0.000000252970
0.000000252702
0.000000252434
0.000000252167
0.000000251901
0.000000251635
0.000000251369
0.000000251103
0.000000250838
0.000000250574
0.000000250310
0.000000250046
0.000000249783
0.000000249520
0.000000249258
0.000000248996
0.000000248734
0.000000248473
0.000000248212
0.000000247952
0.000000247692
0.000000247432
0.000000247173
0.000000246914
0.000000246656
0.000000246398
0.000000246140
0.000000245883
0.000000245626
0.000000245370
0.000000245114
0.000000244859
0.000000244603
0.000000244349
0.000000244094
0.000000243840
0.000000243587
0.000000243334
0.000000243081
0.000000242829
0.000000242577
0.000000242325
0.000000242074
0.000000241823
0.000000241573
0.000000241323
0.000000241073
0.000000240824
0.000000240575
0.000000240327
0.000000240079
0.000000239831
0.000000239584
0.000000239337
0.000000239090
0.000000238844
0.000000238598
0.000000238353
0.000000238108
0.000000237863
0.000000237619
0.000000237375
0.000000237131
0.000000236888
0.000000236645
0.000000236403
0.000000236161
0.000000235919
0.000000235678
0.000000235437
0.000000235197
0.000000234956
0.000000234717
0.000000234477
0.000000234238
0.000000233999
0.000000233761
0.000000233523
0.000000233285
0.000000233048
0.000000232811
0.000000232575
0.000000232338
0.000000232103
0.000000231867
0.000000231632
0.000000231397
0.000000231163
0.000000230929
0.000000230695
0.000000230462
0.000000230229
0.000000229996
0.000000229764
0.000000229532
0.000000229301
0.000000229069
0.000000228839
0.000000228608
0.000000228378
0.000000228148
0.000000227919
0.000000227689
0.000000227461
0.000000227232
0.000000227004
0.000000226776
0.000000226549
0.000000226322
0.000000226095
0.000000225869
0.000000225643
0.000000225417
0.000000225192
0.000000224967
0.000000224742
0.000000224518
0.000000224294
0.000000224070
0.000000223847
0.000000223624
0.000000223401
0.000000223179
0.000000222957
0.000000222735
0.000000222514
0.000000222293
0.000000222072
0.000000221852
0.000000221632
0.000000221412
0.000000221192
0.000000220973
0.000000220755
0.000000220536
0.000000220318
0.000000220100
0.000000219883
0.000000219666
0.000000219449
0.000000219233
0.000000219016
0.000000218801
0.000000218585
0.000000218370
0.000000218155
0.000000217940
0.000000217726
0.000000217512
0.000000217299
0.000000217085
0.000000216872
0.000000216660
0.000000216447
0.000000216235
0.000000216024
0.000000215812
0.000000215601
0.000000215390
0.000000215180
0.000000214970
0.000000214760
0.000000214550
0.000000214341
0.000000214132
0.000000213923
0.000000213715
0.000000213507
0.000000213299
0.000000213092
0.000000212884
0.000000212678
0.000000212471
0.000000212265
0.000000212059
0.000000211853
0.000000211648
0.000000211443
0.000000211238
0.000000211034
0.000000210830
0.000000210626
0.000000210422
0.000000210219
0.000000210016
0.000000209813
0.000000209611
0.000000209409
0.000000209207
0.000000209006
0.000000208804
0.000000208603
0.000000208403
0.000000208202
0.000000208002
0.000000207803
0.000000207603
0.000000207404
0.000000207205
0.000000207006
0.000000206808
0.000000206610
0.000000206412
0.000000206215
0.000000206018
0.000000205821
0.000000205624
0.000000205428
0.000000205232
0.000000205036
0.000000204840
0.000000204645
0.000000204450
0.000000204256
0.000000204061
0.000000203867
0.000000203673
0.000000203480
0.000000203286
0.000000203093
0.000000202901
0.000000202708
0.000000202516
0.000000202324
0.000000202132
0.000000201941
0.000000201750
0.000000201559
0.000000201369
0.000000201178
0.000000200988
0.000000200799
0.000000200609
0.000000200420
0.000000200231
0.000000200042
0.000000199854
0.000000199666
0.000000199478
0.000000199290
0.000000199103
0.000000198916
0.000000198729
0.000000198542
0.000000198356
0.000000198170
0.000000197984
0.000000197799
0.000000197614
0.000000197429
0.000000197244
0.000000197059
0.000000196875
0.000000196691
0.000000196508
0.000000196324
0.000000196141
0.000000195958
0.000000195775
0.000000195593
0.000000195411
0.000000195229
0.000000195047
0.000000194866
0.000000194685
0.000000194504
0.000000194323
0.000000194143
0.000000193963
0.000000193783
0.000000193603
0.000000193424
0.000000193245
0.000000193066
0.000000192887
0.000000192709
0.000000192530
0.000000192353
0.000000192175
0.000000191998
0.000000191820
0.000000191643
0.000000191467
0.000000191290
0.000000191114
0.000000190938
0.000000190763
0.000000190587
0.000000190412
0.000000190237
0.000000190062
0.000000189888
0.000000189713
0.000000189539
0.000000189366
0.000000189192
0.000000189019
0.000000188846
0.000000188673
0.000000188500
0.000000188328
0.000000188156
0.000000187984
0.000000187812
0.000000187641
0.000000187470
0.000000187299
0.000000187128
0.000000186958
0.000000186788
0.000000186618
0.000000186448
0.000000186278
0.000000186109
0.000000185940
0.000000185771
0.000000185602
0.000000185434
0.000000185266
0.000000185098
0.000000184930
0.000000184763
0.000000184596
0.000000184428
0.000000184262
0.000000184095
0.000000183929
0.000000183763
0.000000183597
0.000000183431
0.000000183266
0.000000183100
0.000000182935
0.000000182771
0.000000182606
0.000000182442
0.000000182278
0.000000182114
0.000000181950
0.000000181787
0.000000181624
0.000000181461
0.000000181298
0.000000181135
0.000000180973
0.000000180811
0.000000180649
0.000000180487
0.000000180326
0.000000180164
0.000000180003
0.000000179843
0.000000179682
0.000000179522
0.000000179361
0.000000179201
0.000000179042
0.000000178882
0.000000178723
0.000000178564
0.000000178405
0.000000178246
0.000000178088
0.000000177929
0.000000177771
0.000000177613
0.000000177456
0.000000177298
0.000000177141
0.000000176984
0.000000176827
0.000000176671
0.000000176514
0.000000176358
0.000000176202
0.000000176046
0.000000175891
0.000000175736
0.000000175580
0.000000175426
0.000000175271
0.000000175116
0.000000174962
0.000000174808
0.000000174654
0.000000174500
0.000000174347
0.000000174193
0.000000174040
0.000000173887
0.000000173735
0.000000173582
0.000000173430
0.000000173278
0.000000173126
0.000000172974
0.000000172823
0.000000172671
0.000000172520
0.000000172369
0.000000172219
0.000000172068
0.000000171918
0.000000171768
0.000000171618
0.000000171468
0.000000171319
0.000000171169
0.000000171020
0.000000170871
0.000000170722
0.000000170574
0.000000170426
0.000000170277
0.000000170129
0.000000169982
0.000000169834
0.000000169687
0.000000169539
0.000000169392
0.000000169246
0.000000169099
0.000000168953
0.000000168806
0.000000168660
0.000000168514
0.000000168369
0.000000168223
0.000000168078
0.000000167933
0.000000167788
0.000000167643
0.000000167499
0.000000167354
0.000000167210
0.000000167066
0.000000166922
0.000000166779
0.000000166635
0.000000166492
0.000000166349
0.000000166206
0.000000166063
0.000000165921
0.000000165778
0.000000165636
0.000000165494
0.000000165353
0.000000165211
0.000000165070
0.000000164928
0.000000164787
0.000000164646
0.000000164506
0.000000164365
0.000000164225
0.000000164085
0.000000163945
0.000000163805
0.000000163665
0.000000163526
0.000000163387
0.000000163247
0.000000163109
0.000000162970
0.000000162831
0.000000162693
0.000000162555
0.000000162417
0.000000162279
0.000000162141
0.000000162004
0.000000161866
0.000000161729
0.000000161592
0.000000161455
0.000000161319
0.000000161182
0.000000161046
0.000000160910
0.000000160774
0.000000160638
0.000000160503
0.000000160367
0.000000160232
0.000000160097
0.000000159962
0.000000159827
0.000000159693
0.000000159558
0.000000159424
0.000000159290
0.000000159156
0.000000159023
0.000000158889
0.000000158756
0.000000158622
0.000000158489
0.000000158356
0.000000158224
0.000000158091
0.000000157959
0.000000157827
0.000000157695
0.000000157563
0.000000157431
0.000000157299
0.000000157168
0.000000157037
0.000000156906
0.000000156775
0.000000156644
0.000000156514
0.000000156383
0.000000156253
0.000000156123
0.000000155993
0.000000155863
0.000000155734
0.000000155604
0.000000155475
0.000000155346
0.000000155217
0.000000155088
0.000000154959
0.000000154831
0.000000154703
0.000000154575
0.000000154447
0.000000154319
0.000000154191
0.000000154064
0.000000153936
0.000000153809
0.000000153682
0.000000153555
0.000000153428
0.000000153302
0.000000153175
0.000000153049
0.000000152923
0.000000152797
0.000000152671
0.000000152546
0.000000152420
0.000000152295
0.000000152170
0.000000152045
0.000000151920
0.000000151795
0.000000151671
0.000000151546
0.000000151422
0.000000151298
0.000000151174
0.000000151050
0.000000150927
0.000000150803
0.000000150680
0.000000150557
0.000000150434
0.000000150311
0.000000150188
0.000000150065
0.000000149943
0.000000149821
0.000000149699
0.000000149577
0.000000149455
0.000000149333
0.000000149211
0.000000149090
0.000000148969
0.000000148848
0.000000148727
0.000000148606
0.000000148485
0.000000148365
0.000000148245
0.000000148124
0.000000148004
0.000000147884
0.000000147765
0.000000147645
0.000000147525
0.000000147406
0.000000147287
0.000000147168
0.000000147049
0.000000146930
0.000000146812
0.000000146693
0.000000146575
0.000000146457
0.000000146339
0.000000146221
0.000000146103
0.000000145985
0.000000145868
0.000000145751
0.000000145633
0.000000145516
0.000000145399
0.000000145283
0.000000145166
0.000000145050
0.000000144933
0.000000144817
0.000000144701
0.000000144585
0.000000144469
0.000000144354
0.000000144238
0.000000144123
0.000000144008
0.000000143892
0.000000143777
0.000000143663
0.000000143548
0.000000143433
0.000000143319
0.000000143205
0.000000143091
0.000000142977
0.000000142863
0.000000142749
0.000000142635
0.000000142522
0.000000142409
0.000000142296
0.000000142182
0.000000142070
0.000000141957
0.000000141844
0.000000141732
0.000000141619
0.000000141507
0.000000141395
0.000000141283
0.000000141171
0.000000141059
0.000000140948
0.000000140836
0.000000140725
0.000000140614
0.000000140503
0.000000140392
0.000000140281
0.000000140170
0.000000140060
0.000000139950
0.000000139839
0.000000139729
0.000000139619
0.000000139509
0.000000139400
0.000000139290
0.000000139180
0.000000139071
0.000000138962
0.000000138853
0.000000138744
0.000000138635
0.000000138526
0.000000138418
0.000000138309
0.000000138201
0.000000138093
0.000000137985
0.000000137877
0.000000137769
0.000000137661
0.000000137554
0.000000137446
0.000000137339
0.000000137232
0.000000137125
0.000000137018
0.000000136911
0.000000136804
0.000000136698
0.000000136591
0.000000136485
0.000000136379
0.000000136273
0.000000136167
0.000000136061
0.000000135955
0.000000135850
0.000000135744
0.000000135639
0.000000135534
0.000000135428
0.000000135323
0.000000135219
0.000000135114
0.000000135009
0.000000134905
0.000000134800
0.000000134696
0.000000134592
0.000000134488
0.000000134384
0.000000134281
0.000000134177
0.000000134073
0.000000133970
0.000000133867
0.000000133764
0.000000133661
0.000000133558
0.000000133455
0.000000133352
0.000000133250
0.000000133147
0.000000133045
0.000000132943
0.000000132841
0.000000132739
0.000000132637
0.000000132535
0.000000132433
0.000000132332
0.000000132230
0.000000132129
0.000000132028
0.000000131927
0.000000131826
0.000000131725
0.000000131625
0.000000131524
0.000000131424
0.000000131323
0.000000131223
0.000000131123
0.000000131023
0.000000130923
0.000000130823
0.000000130724
0.000000130624
0.000000130525
0.000000130425
0.000000130326
0.000000130227
0.000000130128
0.000000130029
0.000000129930
0.000000129832
0.000000129733
0.000000129635
0.000000129537
0.000000129438
0.000000129340
0.000000129242
0.000000129144
0.000000129047
0.000000128949
0.000000128852
0.000000128754
0.000000128657
0.000000128560
0.000000128463
0.000000128366
0.000000128269
0.000000128172
0.000000128075
0.000000127979
0.000000127882
0.000000127786
0.000000127690
0.000000127594
0.000000127498
0.000000127402
0.000000127306
0.000000127210
0.000000127115
0.000000127019
0.000000126924
0.000000126829
0.000000126734
0.000000126639
0.000000126544
0.000000126449
0.000000126354
0.000000126260
0.000000126165
0.000000126071
0.000000125977
0.000000125882
0.000000125788
0.000000125694
0.000000125601
0.000000125507
0.000000125413
0.000000125320
0.000000125226
0.000000125133
0.000000125040
0.000000124946
0.000000124853
0.000000124761
0.000000124668
0.000000124575
0.000000124482
0.000000124390
0.000000124298
0.000000124205
0.000000124113
0.000000124021
0.000000123929
0.000000123837
0.000000123745
0.000000123654
0.000000123562
0.000000123471
0.000000123379
0.000000123288
0.000000123197
0.000000123106
0.000000123015
0.000000122924
0.000000122833
0.000000122742
0.000000122652
0.000000122561
0.000000122471
0.000000122381
0.000000122291
0.000000122200
0.000000122110
0.000000122021
0.000000121931
0.000000121841
0.000000121752
0.000000121662
0.000000121573
0.000000121483
0.000000121394
0.000000121305
0.000000121216
0.000000121127
0.000000121039
0.000000120950
0.000000120861
0.000000120773
0.000000120684
0.000000120596
0.000000120508
0.000000120420
0.000000120332
0.000000120244
0.000000120156
0.000000120068
0.000000119981
0.000000119893
0.000000119806
0.000000119718
0.000000119631
0.000000119544
0.000000119457
0.000000119370
0.000000119283
0.000000119196
0.000000119110
0.000000119023
0.000000118937
0.000000118850
0.000000118764
0.000000118678
0.000000118592
0.000000118506
0.000000118420
0.000000118334
0.000000118248
0.000000118163
0.000000118077
0.000000117992
0.000000117906
0.000000117821
0.000000117736
0.000000117651
0.000000117566
0.000000117481
0.000000117396
0.000000117311
0.000000117227
0.000000117142
0.000000117058
0.000000116973
0.000000116889
0.000000116805
0.000000116721
0.000000116637
0.000000116553
0.000000116469
0.000000116385
0.000000116302
0.000000116218
0.000000116135
0.000000116051
0.000000115968
0.000000115885
0.000000115802
0.000000115719
0.000000115636
0.000000115553
0.000000115470
0.000000115388
0.000000115305
0.000000115223
0.000000115140
0.000000115058
0.000000114976
0.000000114894
0.000000114812
0.000000114730
0.000000114648
0.000000114566
0.000000114485
0.000000114403
0.000000114321
0.000000114240
0.000000114159
0.000000114077
0.000000113996
0.000000113915
0.000000113834
0.000000113753
0.000000113673
0.000000113592
0.000000113511
0.000000113431
0.000000113350
0.000000113270
0.000000113190
0.000000113109
0.000000113029
0.000000112949
0.000000112869
0.000000112789
0.000000112710
0.000000112630
0.000000112550
0.000000112471
0.000000112391
0.000000112312
0.000000112233
0.000000112154
0.000000112074
0.000000111995
0.000000111916
0.000000111838
0.000000111759
0.000000111680
0.000000111602
0.000000111523
0.000000111445
0.000000111366
0.000000111288
0.000000111210
0.000000111132
0.000000111054
0.000000110976
0.000000110898
0.000000110820
0.000000110742
0.000000110665
0.000000110587
0.000000110510
0.000000110432
0.000000110355
0.000000110278
0.000000110201
0.000000110124
0.000000110047
0.000000109970
0.000000109893
0.000000109816
0.000000109740
0.000000109663
0.000000109587
0.000000109510
0.000000109434
0.000000109358
0.000000109281
0.000000109205
0.000000109129
0.000000109053
0.000000108977
0.000000108902
0.000000108826
0.000000108750
0.000000108675
0.000000108599
0.000000108524
0.000000108449
0.000000108374
0.000000108298
0.000000108223
0.000000108148
0.000000108073
0.000000107999
0.000000107924
0.000000107849
0.000000107775
0.000000107700
0.000000107626
0.000000107551
0.000000107477
0.000000107403
0.000000107329
0.000000107255
0.000000107181
0.000000107107
0.000000107033
0.000000106959
0.000000106885
0.000000106812
0.000000106738
0.000000106665
0.000000106591
0.000000106518
0.000000106445
0.000000106372
0.000000106299
0.000000106226
0.000000106153
0.000000106080
0.000000106007
0.000000105935
0.000000105862
0.000000105789
0.000000105717
0.000000105644
0.000000105572
0.000000105500
0.000000105428
0.000000105356
0.000000105284
0.000000105212
0.000000105140
0.000000105068
0.000000104996
0.000000104925
0.000000104853
0.000000104781
0.000000104710
0.000000104639
0.000000104567
0.000000104496
0.000000104425
0.000000104354
0.000000104283
0.000000104212
0.000000104141
0.000000104070
0.000000104000
0.000000103929
0.000000103858
0.000000103788
0.000000103718
0.000000103647
0.000000103577
0.000000103507
0.000000103437
0.000000103367
0.000000103297
0.000000103227
0.000000103157
0.000000103087
0.000000103017
0.000000102948
0.000000102878
0.000000102809
0.000000102739
0.000000102670
0.000000102600
0.000000102531
0.000000102462
0.000000102393
0.000000102324
0.000000102255
0.000000102186
0.000000102117
0.000000102049
0.000000101980
0.000000101911
0.000000101843
0.000000101774
0.000000101706
0.000000101638
0.000000101569
0.000000101501
0.000000101433
0.000000101365
0.000000101297
0.000000101229
0.000000101161
0.000000101094
0.000000101026
0.000000100958
0.000000100891
0.000000100823
0.000000100756
0.000000100688
0.000000100621
0.000000100554
0.000000100487
0.000000100420
0.000000100353
0.000000100286
0.000000100219
0.000000100152
0.000000100085
0.000000100019
0.000000099952
